P2
8
0
100
100
0.0

27.72 27.25 27.23 26.32 25.60 27.41 25.72 27.65 26.50 26.53 26.30 24.72 24.45 25.15 23.23 29.18 24.42 25.70 26.01 25.66 27.86 26.52 26.87 23.81 26.08 26.81 28.67 28.94 25.35 25.28 23.69 24.40 24.90 23.47 25.57 21.88 24.57 26.92 27.60 25.98 29.72 26.05 26.99 27.85 24.48 26.79 25.67 28.02 27.99 27.24 26.52 28.59 27.62 28.37 21.40 24.52 24.80 24.23 25.31 24.90 25.08 27.53 26.93 26.31 27.06 26.33 28.41 28.07 25.56 24.62 24.20 25.68 22.15 27.47 27.40 24.77 27.77 26.22 25.98 27.36 27.89 26.59 26.37 27.44 26.21 23.55 22.73 27.13 25.53 24.73 21.09 26.38 25.08 24.32 24.63 25.73 27.41 24.61 27.77 25.02
26.09 26.68 26.49 24.95 25.84 27.31 25.87 25.51 25.17 25.37 24.32 23.85 23.20 26.37 23.39 26.19 22.39 25.31 25.71 25.36 26.95 26.30 27.00 24.79 25.71 26.49 28.64 25.75 23.94 24.37 23.97 23.22 26.25 23.84 24.91 20.78 23.66 23.53 28.82 24.65 28.60 24.46 26.91 27.48 22.34 26.23 25.14 27.79 27.29 26.84 25.73 26.91 27.61 28.81 22.79 25.05 23.41 24.83 25.27 24.66 23.43 25.94 26.93 26.23 26.16 25.57 27.36 29.30 23.63 24.93 25.52 24.88 20.92 26.74 26.44 24.39 27.68 24.44 25.07 28.38 26.20 25.58 23.76 26.66 26.71 23.48 23.50 27.39 25.06 23.65 21.09 26.36 22.96 24.56 23.20 24.71 26.96 24.92 25.49 23.80
24.76 26.21 25.34 25.20 24.09 25.31 24.13 27.05 24.29 25.06 24.96 23.87 22.25 24.40 22.61 26.24 22.68 23.64 25.28 25.09 26.82 24.35 27.36 22.92 25.66 24.58 27.82 25.98 25.13 22.84 22.91 22.64 23.46 24.08 25.56 20.52 23.29 23.08 26.72 24.35 29.37 24.07 26.08 27.37 22.64 24.30 24.76 25.95 27.35 25.99 23.50 27.43 26.81 30.36 23.64 23.04 24.58 24.68 25.29 25.19 24.34 23.42 24.68 25.62 25.52 24.76 27.11 27.55 24.03 22.16 25.71 26.12 20.66 24.74 25.59 24.76 26.53 23.72 24.48 24.84 24.90 25.26 25.60 26.78 25.27 23.19 23.14 25.56 24.33 22.62 20.29 25.88 22.38 23.53 23.98 25.77 27.21 23.66 25.79 23.62
25.05 24.34 25.81 23.94 22.29 25.71 23.63 26.73 25.89 24.74 24.43 21.82 22.00 23.62 24.22 24.17 23.59 23.12 25.98 21.95 27.64 26.05 25.77 22.08 25.06 23.26 27.24 23.94 24.21 24.46 22.76 21.48 24.62 24.46 25.05 21.59 23.31 22.03 27.38 21.27 28.09 23.77 25.88 26.58 22.29 25.75 23.80 26.59 25.75 25.72 23.20 26.48 24.82 27.86 23.73 24.26 22.73 23.34 23.75 26.27 22.83 25.40 25.81 23.97 25.79 22.93 25.13 27.46 23.79 21.80 23.95 25.78 20.64 24.31 24.87 23.38 27.65 23.46 25.33 24.53 24.41 24.80 25.50 25.28 23.51 23.08 21.45 24.94 23.56 21.64 20.12 24.62 20.27 24.17 21.46 24.13 25.99 23.96 26.11 24.84
23.18 24.14 24.32 22.50 22.98 22.41 21.65 26.10 22.36 23.40 22.23 22.85 22.26 22.57 20.64 24.61 21.84 23.39 23.85 23.05 24.27 23.94 25.25 20.46 24.26 21.45 26.97 23.88 23.63 23.45 21.18 20.14 22.71 20.60 21.29 20.05 21.16 21.56 26.16 22.38 27.06 24.15 24.15 26.01 20.75 22.37 22.10 24.97 24.45 24.50 22.37 25.66 23.68 25.76 21.44 21.45 21.99 22.18 23.51 22.91 21.20 22.77 25.46 22.23 23.96 23.54 24.79 26.57 23.82 21.44 21.66 23.58 20.53 24.97 22.25 22.10 26.58 22.11 23.04 23.30 23.96 22.86 21.32 25.33 24.40 20.93 20.95 24.61 21.98 21.85 19.85 24.01 20.14 21.44 23.61 21.89 25.37 23.30 23.87 22.67
27.12 25.66 26.58 26.55 25.70 25.99 23.27 28.01 25.13 25.06 25.52 24.34 23.06 26.06 23.73 27.29 23.85 23.74 25.10 23.95 26.47 27.34 27.43 24.18 25.86 25.02 29.45 25.78 23.90 25.18 23.35 20.62 25.20 24.84 26.59 21.99 24.74 23.25 29.12 24.86 28.96 24.50 25.73 28.70 23.63 26.39 25.15 26.64 26.96 26.56 25.38 28.93 26.49 29.39 22.48 24.74 26.05 25.83 25.10 26.91 25.12 25.00 25.31 25.11 26.01 25.73 26.01 28.84 24.67 24.49 23.98 24.70 20.77 26.72 25.95 23.84 28.69 24.77 25.80 25.49 25.33 24.88 25.15 27.23 26.87 24.00 23.17 26.88 24.28 23.34 23.17 25.49 22.47 25.94 24.80 25.24 26.08 24.61 26.82 24.02
25.99 26.71 25.53 25.18 26.05 26.60 24.80 29.07 25.66 24.50 25.25 25.39 24.46 24.23 25.14 27.78 24.37 24.68 25.69 25.99 28.73 27.79 28.61 24.53 27.13 25.15 28.88 26.59 24.83 24.12 24.42 24.15 25.48 24.95 28.28 23.74 24.21 23.14 29.31 24.19 29.20 25.25 26.86 28.28 24.48 26.30 25.95 28.35 29.47 27.42 24.94 27.50 28.66 29.85 23.69 26.15 23.42 24.80 25.49 26.86 23.98 27.32 28.18 24.83 25.44 25.71 27.14 29.20 26.60 23.54 25.38 27.26 22.99 25.77 26.23 26.12 29.44 26.58 27.16 26.77 27.96 25.64 27.51 27.69 25.46 23.14 23.39 27.10 24.70 24.29 21.92 27.06 23.95 25.87 23.83 26.14 28.63 24.87 27.03 24.93
27.86 28.83 27.07 26.16 26.06 27.57 28.18 27.48 26.07 27.32 27.02 26.65 23.80 28.08 25.53 27.97 25.07 26.73 27.68 26.33 29.55 28.21 29.00 25.90 26.72 26.13 29.44 28.15 26.69 25.63 26.02 25.71 26.68 25.04 28.87 22.95 25.03 24.54 30.91 28.04 31.98 26.97 27.85 29.98 24.97 27.21 27.78 28.36 29.14 27.80 27.12 29.57 29.10 32.29 24.62 26.93 25.17 25.93 25.90 27.90 25.70 27.90 28.84 25.79 27.67 27.27 29.17 30.81 27.53 26.46 27.82 28.53 22.10 27.80 27.16 26.45 28.95 26.17 28.08 28.63 28.92 25.38 27.74 29.65 26.86 24.94 23.89 28.66 25.18 25.66 24.59 27.25 23.98 26.86 24.87 28.78 28.45 25.39 28.07 25.04
23.19 23.44 22.29 22.65 23.35 22.84 22.63 24.21 23.38 22.30 22.03 19.88 21.54 21.72 21.30 24.01 20.62 22.52 23.73 23.19 23.71 22.06 23.50 21.56 22.49 22.23 25.36 23.32 21.46 21.05 21.03 22.34 22.63 21.00 21.79 18.84 21.43 20.64 25.02 23.29 25.43 22.48 22.73 25.49 21.35 23.22 23.38 24.75 24.64 23.64 22.28 23.34 25.16 26.38 19.95 21.23 21.30 23.11 21.37 23.21 19.23 22.66 23.64 21.80 21.42 21.88 24.08 25.81 23.80 21.69 22.71 22.67 19.07 23.67 22.02 21.52 23.88 21.62 22.36 25.62 22.42 23.35 23.84 23.90 23.81 20.91 19.81 23.87 22.93 20.39 18.63 23.38 20.11 21.91 20.92 22.01 24.34 24.72 24.03 21.28
27.71 28.75 29.01 27.10 29.28 29.55 26.73 30.14 28.40 29.26 28.78 27.30 25.35 28.85 25.24 29.18 26.55 27.98 27.42 28.73 29.83 29.82 30.10 26.85 29.91 28.75 31.55 27.85 27.39 26.31 24.41 26.36 27.93 26.18 28.87 24.81 27.23 25.07 29.19 28.73 32.12 27.04 28.84 30.81 27.04 28.81 29.49 28.61 29.33 29.49 26.33 30.51 29.86 33.59 26.40 27.60 27.98 26.42 28.03 28.98 27.71 28.59 29.24 29.23 28.69 27.98 30.16 31.69 28.44 26.83 27.69 30.09 23.69 27.90 29.03 27.40 31.61 28.33 26.27 28.77 28.06 28.16 29.75 29.98 28.40 25.74 24.76 30.17 27.15 26.41 22.98 29.18 27.22 26.66 25.92 26.86 30.68 27.78 29.78 25.19
24.88 24.16 25.53 27.99 24.25 25.94 24.33 26.43 24.70 24.07 24.79 23.33 23.97 25.30 22.35 25.79 23.98 23.62 25.44 23.83 25.34 25.47 26.41 22.75 25.33 26.00 27.99 25.66 23.11 25.11 22.38 22.89 25.87 23.37 24.88 19.59 24.16 22.29 26.75 25.06 27.75 23.12 26.85 26.20 23.72 24.31 26.65 25.29 26.65 25.94 23.35 25.97 24.85 29.26 22.12 22.83 22.66 24.14 24.44 25.86 24.10 25.55 25.52 26.38 24.22 24.30 24.48 28.92 24.70 23.49 22.88 23.91 21.92 24.94 24.78 23.31 26.98 23.42 25.91 25.12 25.04 24.03 24.39 25.16 27.17 23.74 22.62 26.08 24.35 23.08 22.26 26.05 22.06 24.20 23.62 26.42 25.40 24.41 23.50 21.38
25.61 24.65 25.65 25.06 24.69 26.07 24.32 27.30 24.94 24.84 25.30 22.92 22.85 24.97 23.27 26.49 22.68 24.59 25.19 23.31 26.18 26.21 26.31 22.67 25.32 26.35 27.88 25.43 23.17 23.41 23.38 22.14 25.69 23.63 25.29 21.69 24.40 21.92 28.22 24.94 28.79 24.83 25.15 26.91 24.52 26.85 26.07 26.43 26.65 25.80 24.05 27.37 25.24 29.16 22.49 23.69 23.88 24.69 23.78 25.82 23.40 26.05 26.79 25.84 25.00 25.27 24.00 27.93 24.12 23.20 24.18 25.61 20.49 25.46 25.99 24.28 26.93 25.73 24.56 26.44 24.66 25.22 25.07 27.89 26.27 22.88 22.46 26.44 24.13 23.70 22.12 26.04 23.94 25.29 22.16 24.65 25.62 23.29 25.75 23.98
28.24 30.38 29.37 27.75 29.86 27.67 27.03 31.05 27.58 27.82 26.96 26.27 24.94 29.08 25.62 30.16 27.49 28.82 27.53 27.98 29.75 28.28 28.96 25.40 28.66 27.52 31.29 27.81 27.42 25.67 25.79 26.93 27.65 27.13 27.26 23.89 26.41 25.02 31.34 29.80 31.52 28.12 28.69 30.90 27.18 28.12 28.15 29.76 30.38 29.48 27.61 31.28 28.97 33.23 25.26 27.02 27.71 24.82 25.91 27.60 26.62 29.28 29.54 28.72 28.32 28.40 28.91 30.66 28.19 26.69 28.11 29.38 23.85 29.59 29.13 26.71 30.46 27.04 27.41 29.04 27.93 28.36 26.18 30.34 29.66 24.18 25.67 30.28 26.80 26.72 23.80 29.54 25.79 27.03 25.74 25.90 29.75 26.63 28.20 27.32
25.16 25.77 26.20 24.47 25.71 27.19 24.55 26.81 25.52 24.84 25.15 24.97 23.95 25.65 23.72 28.04 24.32 24.92 24.72 24.90 28.35 24.81 26.75 23.42 25.02 24.55 28.73 27.77 25.15 23.35 24.08 24.52 24.84 24.06 25.00 21.63 24.11 22.96 25.45 24.83 29.45 24.76 26.12 28.06 23.34 25.42 24.11 25.77 28.19 26.35 23.27 26.73 25.33 30.66 21.02 25.28 24.80 24.33 24.09 24.67 23.23 24.99 26.26 25.98 25.56 25.33 26.51 29.10 25.36 24.03 25.41 26.93 21.85 25.88 26.70 25.08 27.69 25.22 24.26 26.72 23.84 25.00 24.42 26.05 25.79 22.72 22.86 24.88 23.66 23.59 22.31 25.01 23.36 25.30 24.52 23.88 27.19 24.91 26.41 24.55
26.24 25.08 24.88 24.81 24.23 26.37 25.16 26.41 24.22 25.65 26.01 24.39 22.96 26.16 23.06 26.88 22.32 24.68 24.88 25.58 27.25 27.22 27.86 24.28 26.93 24.77 27.33 25.99 23.55 23.58 23.50 22.50 23.84 23.07 25.72 21.89 24.64 22.57 28.89 24.14 30.50 24.58 27.10 27.47 23.75 25.25 25.72 28.64 28.14 25.78 23.90 27.50 27.36 30.28 24.88 24.93 25.04 23.57 26.13 24.60 22.98 24.48 26.95 24.91 25.26 26.21 25.99 28.30 25.36 23.21 26.30 25.72 20.08 27.48 24.71 24.19 27.72 25.23 24.84 25.59 25.88 24.50 25.38 27.28 26.03 21.28 23.21 27.37 24.34 22.91 21.27 25.81 23.00 25.98 23.85 23.90 26.75 24.71 27.17 23.47
24.49 24.30 24.54 22.38 23.78 25.00 23.13 25.81 22.89 22.71 23.09 22.25 20.35 23.76 20.83 25.58 22.27 22.76 23.11 22.75 24.27 23.23 25.13 21.68 23.83 21.70 27.28 25.24 22.62 21.86 22.11 22.11 22.63 22.41 24.35 20.57 22.69 21.67 25.64 23.75 25.80 23.43 23.42 26.12 22.73 25.18 24.63 25.35 24.86 24.38 22.07 25.33 24.74 28.15 21.50 23.39 23.88 23.42 23.10 23.45 23.43 24.25 23.23 23.55 22.66 23.00 23.75 26.02 24.51 22.23 23.70 25.31 19.73 23.38 23.60 23.34 25.38 23.40 24.15 24.27 22.66 21.61 22.84 26.31 23.83 21.18 20.97 24.45 23.40 21.88 19.77 22.67 21.22 21.98 21.79 23.47 24.97 21.63 24.27 20.55
25.38 24.90 23.24 24.14 23.13 24.24 23.36 25.35 24.64 23.74 22.82 21.66 20.98 23.89 22.21 25.07 22.38 24.59 24.50 22.97 25.95 25.93 24.36 22.84 25.89 23.63 27.24 23.73 23.95 24.10 20.38 20.69 24.34 22.30 24.17 22.08 22.36 21.40 25.65 23.76 29.73 24.38 26.27 28.13 21.41 23.87 25.07 27.74 25.75 26.66 22.91 28.36 25.10 27.74 23.13 22.49 23.16 21.44 22.90 24.54 22.36 24.16 24.93 23.08 24.10 26.03 24.50 25.51 24.02 23.09 24.21 23.74 20.78 26.16 24.25 24.50 26.78 23.22 23.98 25.53 25.64 22.95 25.97 25.16 24.86 21.00 21.07 26.82 23.18 22.89 21.30 24.90 19.01 23.64 22.54 23.34 26.97 23.30 23.07 23.52
26.86 26.09 25.28 26.88 27.00 27.71 26.23 27.48 25.33 25.97 25.61 23.62 23.73 26.72 25.19 28.73 24.33 25.34 25.47 25.12 27.45 27.11 28.87 23.40 26.41 27.46 28.13 25.34 25.84 24.19 24.60 22.65 26.30 23.87 27.41 22.71 24.22 23.77 28.89 25.57 28.97 26.18 27.44 28.34 23.72 26.53 26.05 28.27 28.13 28.07 25.39 28.54 26.03 30.20 25.45 24.03 25.41 25.72 25.99 26.59 23.28 26.50 26.12 27.56 25.84 26.92 27.22 29.45 25.86 24.42 25.78 25.54 22.63 27.38 26.66 25.85 29.29 26.23 25.54 26.87 26.45 26.07 27.10 28.07 28.24 23.32 23.85 27.69 25.49 24.94 22.16 27.32 23.82 25.94 24.37 26.21 28.69 25.11 27.12 24.69
26.41 26.68 26.15 25.66 24.34 25.49 24.86 26.21 24.82 26.39 24.65 22.53 23.51 25.56 23.65 27.54 23.44 25.64 26.41 25.21 27.46 25.33 27.78 22.55 24.79 25.40 28.07 27.44 23.82 23.09 23.03 24.46 24.93 23.62 25.22 21.33 24.37 22.96 29.03 25.47 28.96 25.55 26.94 28.59 23.12 25.54 25.62 27.87 27.48 26.21 25.85 27.11 25.97 28.73 22.62 23.92 23.21 24.37 23.47 25.49 23.27 25.86 25.80 24.78 24.83 26.39 26.98 26.51 25.68 23.95 25.80 24.93 19.58 26.70 25.44 25.40 25.91 24.27 26.60 26.21 25.87 24.69 24.39 27.18 27.78 23.21 22.75 27.28 25.46 23.55 21.37 25.12 22.80 23.94 23.93 25.80 27.81 23.78 25.99 23.60
26.48 27.09 25.82 24.46 24.62 26.01 24.47 27.25 24.03 25.11 25.64 23.89 22.33 25.11 23.98 26.96 23.17 25.15 26.06 24.18 26.91 25.80 26.66 23.16 26.30 26.16 28.58 26.18 24.83 23.39 22.53 22.49 24.52 23.87 26.81 20.52 23.37 23.25 28.22 24.32 29.68 24.65 26.55 29.47 21.94 25.64 25.62 27.45 28.74 25.97 25.26 26.82 26.75 29.92 21.96 23.84 23.91 24.09 24.32 24.47 23.29 26.36 27.06 24.88 23.56 25.87 25.43 27.82 25.19 21.78 23.60 25.09 21.60 26.59 25.51 25.57 29.34 24.64 26.12 26.39 26.14 26.57 24.56 27.00 25.24 22.33 22.98 26.80 24.72 25.20 21.97 27.00 23.93 25.07 23.95 23.93 25.98 23.97 26.75 24.50
27.34 25.94 26.50 25.87 24.55 28.49 25.19 26.61 26.33 27.60 27.64 24.87 24.55 26.23 25.04 28.06 25.66 25.52 27.81 25.59 26.59 27.10 27.72 24.09 25.93 24.65 28.98 26.36 23.51 25.22 22.71 23.88 24.97 25.34 25.83 21.57 24.49 23.93 28.76 24.39 29.81 24.82 27.90 27.20 24.38 27.83 25.32 28.50 26.63 26.81 23.79 28.26 29.19 30.98 24.86 25.93 24.46 25.09 26.49 26.57 23.70 26.35 27.87 26.53 26.12 24.69 26.28 28.21 27.25 22.85 25.69 25.41 20.98 27.18 24.59 24.60 27.06 26.49 26.09 27.32 26.51 25.68 24.98 26.80 27.37 24.21 22.30 26.94 26.20 23.78 21.94 25.87 24.30 25.65 23.70 25.28 25.06 24.92 25.22 21.69
25.27 24.31 23.05 23.24 22.74 25.17 24.40 25.64 23.85 23.29 23.29 22.13 22.21 24.06 22.99 25.67 23.72 23.26 23.07 23.45 25.05 24.38 25.80 22.01 23.97 23.80 25.68 24.06 25.02 22.60 21.42 20.66 21.34 23.47 23.35 20.61 22.58 22.02 25.57 22.39 27.21 24.97 24.44 26.63 22.72 25.13 23.41 25.71 26.38 24.76 22.41 26.34 25.54 28.63 22.33 23.21 22.79 24.13 24.11 23.93 22.79 24.96 22.91 25.17 23.12 23.17 24.10 25.41 23.84 20.75 23.90 23.23 20.84 24.67 23.49 21.01 25.75 23.92 24.98 24.86 22.98 22.84 23.68 24.80 24.31 22.59 20.75 23.75 23.37 22.71 20.14 24.58 20.95 23.22 21.36 23.73 24.72 22.96 23.44 20.96
26.52 28.02 25.92 27.33 26.04 28.67 26.18 28.09 27.19 26.82 26.70 25.76 24.65 24.94 26.18 29.31 26.80 27.22 27.37 27.42 27.99 26.81 29.09 26.65 27.40 28.51 29.66 27.40 26.79 24.48 25.25 25.40 26.14 26.36 27.36 22.51 26.01 24.30 27.86 26.67 31.74 25.76 28.81 30.10 26.79 27.42 26.40 28.75 29.39 29.30 25.75 29.10 26.27 29.96 24.75 24.13 25.53 24.36 26.43 27.28 24.49 28.80 29.29 28.74 27.78 26.09 26.86 30.12 25.15 25.08 25.88 27.87 21.84 27.38 26.82 26.07 29.48 25.92 24.63 27.44 27.33 26.78 25.78 28.61 29.40 24.24 24.75 28.29 25.40 24.11 22.37 26.87 25.27 25.03 24.33 25.90 28.77 25.97 28.27 26.51
25.82 26.55 24.66 24.76 25.35 26.31 24.27 27.05 24.62 25.19 25.08 25.71 24.51 25.58 23.30 26.35 23.35 24.93 26.03 24.19 28.84 25.38 26.35 23.84 26.00 25.55 29.28 26.99 24.03 24.04 23.05 22.74 25.04 24.68 25.32 21.21 21.53 24.52 28.29 24.26 29.50 24.73 25.21 27.87 24.66 25.93 24.94 27.12 27.24 26.86 25.00 27.48 28.49 28.86 22.39 24.23 23.27 24.49 23.81 25.48 24.10 26.62 27.15 24.82 25.77 25.27 25.54 28.28 24.87 23.07 24.91 25.25 21.15 25.98 25.23 23.88 27.71 25.07 26.33 27.08 26.72 26.03 25.94 27.06 25.48 24.41 23.05 27.93 24.82 24.78 21.73 25.90 23.03 24.20 22.27 26.11 25.31 24.49 25.78 24.26
25.09 22.79 26.19 24.94 23.39 25.23 20.75 26.38 22.92 23.11 24.71 24.40 23.83 24.92 21.37 24.26 22.63 24.00 24.32 22.49 25.72 26.11 25.89 23.64 24.62 23.37 26.03 24.51 22.94 22.11 21.60 21.31 24.32 21.96 23.59 20.81 22.58 21.96 24.72 23.16 27.47 22.60 25.53 25.23 21.84 23.27 24.44 24.78 26.25 24.76 22.99 26.79 23.82 27.82 21.48 23.37 22.86 22.70 23.47 24.09 22.51 23.00 25.73 25.21 24.21 22.93 24.47 28.02 23.10 23.14 22.87 22.65 20.45 24.80 22.72 22.90 24.75 23.44 21.18 25.28 22.69 24.78 23.44 24.83 24.84 22.33 22.10 24.27 22.66 20.60 21.56 24.94 22.44 24.32 22.23 22.90 24.19 24.48 25.43 22.45
26.05 25.76 25.93 24.92 24.09 24.85 24.23 26.80 24.94 23.30 25.51 23.27 22.76 24.42 23.18 26.48 24.33 24.54 24.24 22.35 27.67 26.30 25.83 24.13 25.53 23.81 27.41 26.12 23.87 24.50 22.91 22.98 25.33 23.55 24.94 22.31 24.47 22.35 27.67 24.14 28.89 23.97 26.36 26.74 23.90 25.85 25.84 26.50 27.00 26.26 22.87 26.97 27.26 29.26 23.23 24.34 24.68 24.35 24.75 26.22 23.45 24.68 24.94 25.45 23.80 25.20 25.29 26.41 26.27 23.54 24.80 26.64 22.05 24.61 24.42 25.10 28.19 24.77 25.89 25.07 24.38 23.55 23.88 25.95 24.47 22.33 21.91 26.46 25.76 25.39 21.57 25.69 22.00 25.11 24.37 24.08 26.50 22.99 26.48 22.87
29.17 27.93 27.90 27.98 28.45 30.15 28.09 28.94 28.10 28.04 27.94 26.94 26.32 28.72 26.40 30.76 26.80 26.34 27.90 28.11 29.84 28.20 31.95 26.38 29.75 29.23 31.87 26.42 25.49 26.43 26.54 25.79 29.47 27.66 29.12 23.35 25.16 24.47 32.30 27.33 29.68 26.06 29.49 30.35 25.85 27.94 28.85 29.52 29.79 29.49 27.93 29.46 29.33 33.23 27.22 26.92 28.47 26.94 28.17 28.55 25.62 29.57 27.90 29.52 28.97 27.81 29.23 33.23 27.46 26.46 28.02 28.69 23.57 29.84 29.61 27.47 31.47 27.28 28.40 28.97 28.29 27.39 28.99 28.34 29.13 25.80 24.69 30.54 26.69 25.38 23.24 28.37 25.74 28.24 26.76 27.54 29.70 27.57 29.77 24.84
25.38 24.58 24.47 25.23 23.66 25.93 24.70 27.29 24.45 25.18 23.75 22.21 22.13 24.30 24.29 25.59 23.62 25.49 24.98 23.82 25.91 26.11 26.31 23.24 24.70 24.73 26.41 25.78 23.88 22.25 22.13 22.30 24.01 23.58 26.26 19.86 23.39 23.74 23.27 23.29 28.50 24.21 25.96 27.98 21.93 25.56 26.01 26.31 26.79 27.14 21.96 27.72 24.60 28.67 22.65 24.03 22.20 23.07 24.98 24.30 23.86 24.70 26.40 25.28 24.22 23.93 25.84 27.64 23.69 22.94 25.18 24.84 21.81 24.83 24.10 23.50 27.71 24.49 25.14 25.32 25.24 25.41 25.04 25.32 22.99 21.78 21.35 25.18 23.25 22.23 21.70 24.78 22.71 24.15 21.28 21.86 26.68 23.29 26.05 23.73
25.94 27.32 26.82 25.92 25.04 27.16 24.00 29.08 26.09 25.96 24.88 26.66 24.86 26.55 24.77 27.79 24.20 25.95 25.71 26.95 28.79 28.46 27.25 25.97 27.18 26.04 29.22 27.23 26.55 25.50 25.11 25.04 25.93 24.72 27.02 23.09 24.96 22.48 29.10 25.03 29.90 25.78 26.70 31.03 26.19 27.80 25.97 28.17 28.88 26.89 25.69 31.69 26.94 30.80 22.79 24.73 25.94 25.99 26.71 28.09 26.60 26.31 26.88 26.01 26.23 26.91 25.44 29.69 25.80 24.78 26.51 28.46 21.56 28.17 25.57 24.77 30.56 24.82 26.11 26.43 26.44 25.52 27.77 29.44 26.79 23.47 24.21 27.98 25.22 23.83 22.31 26.76 23.91 26.37 24.38 26.20 27.80 26.05 27.44 26.61
25.78 27.39 25.55 26.29 24.41 24.94 24.64 26.93 25.28 25.75 25.18 23.38 23.41 25.80 24.79 26.79 23.25 24.58 25.58 24.57 26.90 25.30 27.51 22.96 25.55 24.86 28.03 26.27 24.18 24.01 23.76 24.28 25.71 22.88 24.82 21.04 23.89 23.58 27.69 25.59 30.09 26.45 27.76 27.37 22.88 25.42 25.71 25.86 26.38 27.05 24.77 27.12 26.67 30.12 22.77 23.31 22.88 24.81 24.05 25.58 23.82 25.54 26.38 25.55 26.11 25.62 26.72 28.37 25.84 23.37 25.87 26.13 20.85 26.98 26.15 24.27 28.28 24.94 25.21 25.23 25.02 24.99 24.97 27.32 26.16 23.59 22.49 24.96 24.78 23.91 22.52 27.27 22.53 25.06 25.67 24.96 26.93 24.88 25.64 24.00
27.88 28.35 27.53 26.50 26.61 28.08 27.18 28.67 27.06 28.37 27.89 26.15 25.02 27.89 24.64 31.45 24.63 25.60 27.62 26.73 29.07 28.32 28.87 25.03 26.22 28.09 30.05 28.86 25.29 26.73 24.73 24.95 26.40 24.57 28.66 24.59 26.23 24.02 30.92 27.22 31.05 26.24 28.45 30.36 25.64 27.88 28.49 30.04 29.39 28.50 26.84 30.29 28.90 31.65 23.05 26.32 27.70 27.33 27.35 28.94 25.71 27.50 28.54 26.59 26.48 29.33 26.80 30.97 26.63 26.38 26.61 27.71 23.01 28.29 26.39 27.11 29.84 27.76 27.24 27.97 28.43 28.09 29.38 27.84 29.20 26.17 25.64 30.41 26.60 27.94 24.55 27.94 26.20 26.74 26.16 25.36 29.02 26.04 28.58 25.30
27.05 27.72 26.62 24.48 25.63 26.30 24.20 28.31 26.06 26.59 26.43 24.49 24.10 24.46 25.26 28.68 23.10 26.89 25.29 25.02 27.09 27.88 27.48 22.03 27.67 26.41 29.73 27.14 25.83 25.78 23.84 22.93 25.82 25.15 27.69 22.60 24.15 23.74 28.55 25.52 30.41 26.69 26.93 28.46 24.87 27.54 24.69 27.40 28.11 26.26 25.65 29.15 26.97 29.37 25.00 25.92 24.93 24.26 24.25 26.65 23.01 28.83 28.90 26.15 26.61 25.74 27.38 29.81 26.85 24.03 24.34 27.27 21.95 26.91 27.56 24.76 28.38 26.69 26.11 26.67 27.60 26.51 26.86 27.64 27.82 22.64 22.48 29.14 25.43 25.81 22.51 26.12 24.08 24.64 24.01 25.66 27.49 25.49 26.31 25.20
25.84 25.38 24.50 24.96 24.90 26.49 23.57 24.31 23.12 24.51 23.66 22.08 22.28 25.60 22.61 26.51 22.32 23.78 25.35 24.27 24.93 26.30 26.53 22.51 26.16 24.99 26.80 25.84 24.26 22.78 23.48 21.78 24.75 21.97 24.70 21.09 22.70 22.18 26.70 24.22 27.99 24.68 25.51 26.33 23.01 26.16 25.25 27.30 26.07 25.71 22.38 26.83 26.44 29.35 22.72 23.18 23.31 23.78 24.73 25.06 22.16 25.79 25.59 25.53 24.78 24.60 25.30 26.44 26.01 23.56 25.22 24.41 19.82 26.89 23.34 24.16 25.26 23.76 23.68 25.36 24.41 23.76 25.07 26.40 25.13 23.32 21.36 25.94 23.77 23.30 20.80 24.87 21.60 23.24 21.95 23.91 26.32 24.61 25.05 22.61
31.36 30.33 29.06 28.49 29.61 32.13 29.13 32.33 29.56 29.47 28.70 25.60 27.25 29.78 25.87 30.53 27.29 28.47 30.49 29.80 29.43 30.24 32.05 26.66 29.04 29.47 34.47 30.20 28.50 27.70 27.03 26.73 29.77 29.14 29.28 25.76 27.59 25.70 33.36 29.42 33.28 29.16 30.97 32.99 26.85 30.41 29.59 32.69 30.94 31.62 28.72 31.83 31.31 34.66 27.24 28.70 28.69 30.65 29.92 28.63 28.57 29.51 29.93 29.75 29.38 29.78 29.92 33.48 29.96 27.09 29.42 29.50 24.84 30.52 29.49 29.64 31.99 29.78 28.58 30.66 29.44 28.85 29.68 30.61 30.01 28.47 26.06 30.56 28.10 27.41 23.74 28.82 27.32 28.76 27.35 28.58 30.83 28.94 30.02 25.57
24.40 25.05 24.62 22.55 23.74 25.08 22.48 25.94 23.29 23.20 23.98 22.25 21.79 23.86 21.30 24.76 21.12 23.89 24.52 23.09 25.02 25.39 26.63 22.94 24.41 23.38 25.71 23.33 23.80 22.03 21.68 21.12 23.80 22.27 23.83 20.35 22.07 22.24 26.29 23.08 27.85 22.65 25.91 26.98 22.15 24.77 24.10 27.36 25.38 25.02 21.94 26.59 26.39 29.59 22.56 22.61 22.95 22.45 23.26 23.29 22.78 23.45 25.12 23.45 24.30 24.49 24.06 25.89 24.53 21.14 24.86 24.91 18.72 24.45 23.04 25.75 25.83 23.15 22.82 24.97 22.32 23.38 23.83 25.54 25.13 22.56 21.66 26.59 23.36 21.41 19.90 23.35 21.69 23.23 23.43 24.13 23.72 23.18 23.18 21.58
23.35 22.60 20.97 21.08 20.31 21.75 21.07 22.94 23.78 23.58 22.58 19.66 20.60 21.31 21.92 24.66 19.95 21.96 21.41 20.86 22.41 23.34 22.71 18.12 21.52 21.55 24.92 21.87 21.41 22.47 20.20 20.23 22.20 21.04 22.23 19.14 21.29 20.22 23.04 20.84 25.97 21.73 21.73 24.29 19.10 23.44 21.60 24.44 24.30 22.75 22.07 25.01 23.20 24.53 19.91 20.88 20.57 20.68 20.85 22.26 20.04 23.20 22.62 21.61 22.67 23.07 21.20 25.31 21.92 20.77 22.90 21.69 18.19 24.35 23.33 21.00 25.30 22.01 22.27 22.52 23.87 22.69 24.66 23.44 21.82 19.64 19.29 23.47 20.75 21.34 19.74 21.88 19.27 22.49 21.03 21.73 23.32 21.39 22.85 20.80
26.86 28.06 27.09 25.92 24.20 27.29 25.06 26.73 25.77 26.91 25.71 25.53 24.30 25.00 22.56 28.20 25.59 26.77 26.14 26.06 30.60 27.34 27.13 24.08 27.19 25.53 28.67 27.39 26.43 24.30 24.20 24.43 23.90 22.11 25.71 23.22 24.35 24.43 28.03 25.30 31.43 27.01 28.02 30.94 24.24 26.80 25.60 28.28 27.75 26.44 24.51 28.48 24.56 30.86 21.91 24.37 25.36 23.40 24.69 25.93 23.88 26.34 28.06 25.51 26.09 26.62 25.81 27.23 28.10 23.75 25.64 25.63 21.49 27.94 26.97 24.90 27.55 24.57 26.40 25.62 25.70 25.77 25.55 29.67 28.14 22.98 23.31 26.79 23.51 23.81 21.21 25.38 24.02 25.06 25.73 25.29 27.58 26.07 26.71 25.62
28.29 27.48 25.32 26.70 25.23 28.91 25.65 26.55 27.54 25.85 27.74 23.55 23.75 26.14 24.14 28.18 24.38 25.88 25.65 25.25 28.11 27.96 28.19 24.58 26.86 26.86 29.38 26.37 25.80 23.36 24.31 24.85 26.21 26.42 28.51 20.94 25.40 23.76 28.32 24.83 30.85 25.91 28.45 28.46 25.35 27.63 27.33 27.98 28.31 28.69 26.60 28.26 29.14 31.61 24.34 25.08 26.60 26.19 25.77 25.58 26.36 28.43 26.82 27.61 26.42 25.86 28.89 28.95 26.53 24.58 26.87 25.78 21.51 28.67 26.37 27.57 29.89 25.35 27.12 26.15 25.72 25.80 25.28 26.41 26.97 25.72 22.59 27.15 26.16 25.80 22.45 24.00 22.29 25.72 25.07 26.03 26.42 25.15 24.51 25.03
27.07 25.73 28.16 25.97 26.21 27.62 25.84 27.37 26.71 26.50 26.63 23.64 23.51 26.44 23.44 27.82 24.06 27.49 24.94 24.95 27.21 27.66 26.75 24.31 25.29 27.75 28.53 25.62 25.57 25.29 23.26 23.69 24.57 24.55 26.27 22.11 26.10 22.09 27.13 26.32 30.61 25.85 27.09 28.63 26.21 27.27 26.36 28.83 28.42 27.73 26.34 28.06 27.89 30.04 23.56 25.77 24.67 25.22 24.98 25.95 25.07 26.69 25.55 25.95 23.77 26.39 25.88 27.90 26.44 24.31 26.80 24.46 22.97 26.91 26.73 25.15 28.06 25.47 26.23 26.65 26.92 25.64 25.23 27.34 27.96 23.79 23.39 27.95 25.07 24.59 22.31 26.18 24.08 25.12 24.43 26.23 26.94 26.07 25.13 22.95
25.12 26.09 24.13 25.54 25.07 23.94 24.13 24.79 24.46 24.00 22.98 21.67 21.37 23.11 22.90 26.80 21.86 24.80 25.51 24.10 23.98 22.78 26.56 22.13 24.79 23.40 27.10 25.10 23.49 22.52 21.91 22.53 23.36 22.42 24.67 20.51 22.66 21.89 26.40 23.94 28.53 23.30 26.23 24.81 21.49 24.42 23.83 26.46 25.65 25.35 23.16 25.76 24.53 28.64 22.36 23.90 22.54 23.15 23.44 22.48 22.58 23.59 23.57 23.72 22.43 25.33 25.63 26.80 24.65 23.68 26.20 24.25 20.56 25.84 24.93 23.78 25.25 23.08 25.04 25.03 24.85 23.56 24.91 24.43 25.72 21.77 22.01 24.33 22.70 23.45 20.27 24.90 22.31 22.51 23.71 23.21 24.57 23.87 23.87 20.91
23.96 20.67 24.48 22.58 23.13 24.68 22.35 24.33 23.73 24.24 22.81 20.89 22.28 24.86 21.33 25.16 21.22 23.07 23.21 22.71 23.89 25.18 25.37 20.84 23.93 25.59 26.46 24.66 23.54 22.23 20.78 19.91 21.86 21.00 22.89 20.25 22.04 20.60 26.61 22.16 25.87 22.99 22.46 24.90 22.68 24.37 23.47 26.53 25.73 24.06 21.72 25.47 24.64 28.28 22.38 23.22 22.63 22.46 24.20 23.15 21.91 23.31 22.95 24.40 23.69 24.95 23.85 26.16 23.58 22.88 22.91 23.65 19.35 24.92 23.11 23.01 25.53 22.68 22.74 24.29 22.91 23.00 23.93 24.85 23.84 21.70 20.52 25.98 23.38 22.28 20.53 22.93 21.16 22.80 22.73 23.51 24.60 22.40 24.45 21.09
25.03 23.44 24.66 23.68 23.66 26.89 23.61 26.87 24.05 25.04 24.54 21.79 22.04 25.73 20.86 25.75 23.08 24.63 23.88 24.56 24.03 25.87 27.08 21.59 25.94 25.28 26.89 24.46 23.73 22.95 22.14 21.81 22.68 21.52 24.89 21.08 23.38 23.32 25.95 24.00 28.29 24.11 26.85 26.75 22.63 24.68 25.33 26.83 26.43 26.73 23.08 25.14 25.47 28.24 23.27 22.97 24.24 23.37 24.07 24.23 22.18 25.01 25.76 25.25 23.72 23.88 26.01 27.44 24.49 21.53 23.09 25.05 20.76 24.69 23.83 25.15 26.02 24.54 23.50 27.01 24.87 24.19 23.84 26.91 24.90 22.58 21.22 25.33 22.34 21.64 20.55 25.15 24.03 22.76 23.13 23.67 26.08 23.61 23.94 22.82
25.14 24.50 25.72 23.33 22.21 24.55 24.23 25.22 25.42 25.78 25.94 21.28 21.21 24.21 22.04 24.88 22.89 23.39 25.13 21.83 27.25 25.13 24.76 21.17 24.10 24.43 27.43 25.55 21.99 24.61 22.23 21.36 23.63 21.17 23.82 22.70 23.30 22.74 27.25 23.01 26.95 24.01 25.30 27.61 21.90 25.64 25.44 25.19 25.12 25.02 22.96 25.89 24.92 26.14 22.01 22.32 24.02 24.58 23.32 25.63 21.59 24.58 25.65 24.69 24.39 23.82 23.45 26.58 23.85 21.30 22.90 23.99 20.27 24.82 24.48 23.69 25.91 23.99 24.20 24.87 23.44 24.46 23.98 25.27 25.26 22.64 21.15 26.78 23.31 23.34 18.02 24.99 23.62 23.53 22.39 22.83 26.64 23.76 27.57 23.72
24.79 24.66 23.87 24.97 25.08 26.22 24.46 26.09 24.36 23.34 23.57 22.71 22.30 25.03 22.67 25.45 23.19 25.01 24.55 24.54 25.87 25.44 26.13 23.57 26.68 24.90 27.41 25.24 23.44 23.20 23.57 23.30 23.12 22.93 25.89 21.17 22.09 22.57 27.05 24.03 27.58 24.84 23.66 27.23 23.51 25.46 24.90 26.23 27.14 26.73 23.67 26.76 26.21 28.46 23.74 22.85 22.47 24.09 23.81 25.48 23.72 25.17 24.38 24.08 23.00 24.56 25.88 27.82 24.49 22.70 24.50 24.60 21.36 27.72 25.12 23.72 26.52 23.41 24.93 26.83 25.72 23.44 25.07 27.32 23.73 21.77 22.10 24.46 24.30 22.95 21.06 25.00 21.85 23.87 22.11 23.81 27.48 24.04 25.57 23.38
24.05 24.10 22.59 22.51 21.67 23.55 23.30 23.22 22.15 20.97 21.67 21.54 21.52 21.92 20.55 24.36 19.85 21.11 22.39 19.40 24.06 22.12 23.20 21.29 23.04 22.45 25.17 23.43 22.76 20.91 22.14 20.81 22.18 21.16 22.43 18.93 21.44 19.59 23.39 20.64 26.58 21.49 22.62 24.00 20.81 23.22 23.52 23.53 24.54 22.45 20.34 23.64 23.01 27.75 18.66 21.35 21.85 21.67 21.58 21.90 21.64 21.74 22.71 22.07 22.19 22.77 22.78 24.85 22.14 22.95 22.51 23.04 19.67 23.65 22.87 21.64 23.77 21.40 22.60 23.63 21.94 21.01 21.74 23.24 22.04 20.52 19.19 23.72 22.77 21.46 20.41 21.96 18.94 21.65 21.95 21.55 21.42 20.58 22.76 20.99
25.09 25.06 25.79 25.87 23.54 26.19 24.24 24.56 24.72 25.90 24.04 23.50 21.54 24.50 23.29 25.59 22.87 25.93 26.32 23.89 25.06 26.48 26.65 22.93 26.11 23.98 25.86 25.08 23.79 23.88 23.53 22.28 24.18 21.94 26.44 20.99 22.99 23.91 26.67 22.94 27.45 23.36 27.38 26.83 22.38 25.78 25.86 27.31 25.53 25.52 22.87 27.15 27.61 29.75 21.85 24.51 23.04 23.14 25.52 25.63 23.80 25.05 26.01 24.10 24.26 24.47 26.04 28.02 24.96 21.86 25.11 25.69 21.19 25.09 24.61 24.04 28.77 25.09 25.50 25.70 24.74 24.08 24.54 25.49 24.96 23.01 21.07 25.90 23.39 22.61 19.87 26.01 22.85 24.33 23.22 23.93 24.97 24.22 25.75 22.27
27.29 27.04 25.87 24.60 25.69 26.99 25.67 26.45 25.35 25.56 25.44 24.83 22.05 24.40 24.59 25.88 22.91 23.96 26.15 25.83 26.92 25.66 26.78 22.94 26.36 26.53 30.26 26.00 25.35 25.46 23.61 22.67 25.21 24.18 25.70 22.22 23.87 22.66 28.12 24.73 28.97 24.91 26.29 27.62 23.35 24.41 25.32 27.21 27.15 26.25 23.67 27.07 26.66 29.12 22.53 24.16 22.85 24.30 25.12 25.69 24.15 25.85 26.96 23.84 25.82 25.50 27.36 28.51 26.11 23.74 24.23 25.84 22.54 25.89 26.08 24.30 28.25 23.91 26.36 25.62 26.83 26.05 25.39 26.52 25.33 23.86 23.01 26.60 23.44 22.63 21.86 25.90 22.48 23.98 24.49 27.03 25.99 25.88 25.82 23.81
24.44 24.65 23.50 22.92 25.33 25.85 22.33 25.45 22.22 23.09 25.24 22.58 21.06 24.42 21.50 24.35 21.75 22.61 23.37 24.32 25.48 24.83 26.10 22.44 25.00 23.52 26.50 24.19 21.70 22.90 21.37 22.11 24.33 22.80 22.88 19.62 21.50 21.32 26.56 23.33 26.33 23.46 23.46 25.80 23.52 24.57 24.22 25.20 25.60 24.67 22.47 25.91 26.12 28.45 20.21 23.83 23.31 23.04 21.36 23.39 22.47 25.64 25.35 24.93 23.61 23.41 25.11 25.48 25.07 22.64 23.32 22.82 19.68 25.78 24.23 23.28 24.24 22.83 23.19 25.13 23.00 24.47 24.25 24.52 23.88 21.42 20.52 26.40 23.07 23.30 20.91 22.87 22.32 24.05 21.53 24.23 24.18 23.81 24.40 21.86
25.11 23.91 26.07 27.14 24.37 25.87 24.57 25.67 25.10 23.62 24.44 22.66 22.86 24.91 23.18 26.25 22.68 25.00 24.90 24.17 26.56 24.61 27.17 22.12 25.06 25.10 27.39 27.95 23.00 22.57 21.11 23.26 24.60 23.30 24.95 19.96 24.34 23.63 26.44 23.52 28.80 23.63 26.73 27.28 23.25 24.56 25.46 27.25 26.92 25.34 24.25 26.60 25.04 27.53 21.24 22.50 22.62 23.36 24.32 24.45 22.61 24.05 24.58 25.55 24.05 25.70 26.21 26.64 23.86 24.30 24.02 24.40 20.78 24.98 26.20 24.40 26.49 24.64 24.69 26.30 24.02 23.58 24.46 25.21 26.76 22.43 21.68 25.87 24.36 21.83 20.30 25.39 23.31 23.39 23.21 25.01 26.91 23.54 25.65 23.06
25.50 27.62 25.92 25.76 25.52 26.67 23.07 27.16 26.98 25.33 26.18 24.90 24.45 25.89 24.47 27.38 22.26 26.12 26.15 24.43 27.18 28.13 27.28 24.89 26.99 26.63 27.69 25.79 25.27 25.82 24.44 24.15 25.52 24.94 25.46 21.98 25.45 23.84 27.52 25.40 30.07 25.91 26.60 28.47 23.88 26.30 27.20 26.70 28.36 27.03 25.53 30.05 27.17 29.47 22.70 25.19 24.19 24.33 25.18 25.29 25.93 25.83 26.37 24.61 27.61 25.29 27.20 27.19 25.48 25.55 25.75 25.41 20.35 27.74 28.26 25.80 27.33 24.18 23.93 27.04 26.72 27.44 26.73 28.65 26.49 23.76 23.51 28.14 25.68 23.39 21.29 25.93 24.59 24.87 23.74 24.96 27.58 24.77 26.18 25.66
28.40 28.27 26.92 26.06 28.52 27.72 25.33 28.68 26.79 27.26 26.97 24.98 24.37 25.60 23.88 29.75 25.20 27.32 26.06 26.16 28.78 27.23 28.43 24.75 27.59 27.82 30.04 26.23 26.54 26.56 24.64 23.83 26.74 26.59 24.99 23.54 26.10 25.38 29.52 26.86 30.12 28.07 27.32 29.37 26.48 27.24 25.59 28.69 29.52 27.27 26.91 29.84 28.63 31.11 24.45 25.90 25.32 25.79 26.15 27.06 25.88 28.34 27.23 26.17 25.97 27.61 28.15 30.74 27.54 24.62 26.44 26.47 22.21 28.08 27.86 25.11 29.22 26.09 26.73 27.27 27.08 27.07 27.37 27.33 27.55 24.93 24.25 28.76 26.05 25.49 21.72 26.62 25.06 24.82 24.39 25.81 28.55 27.31 29.09 23.82
27.31 26.86 26.88 25.70 26.16 26.60 24.92 28.60 26.38 25.24 26.66 25.89 24.35 25.76 25.28 29.34 24.64 26.12 24.21 24.38 28.63 26.62 28.62 25.69 25.59 26.51 28.59 26.44 25.32 24.49 24.58 24.99 25.73 25.51 26.61 23.22 24.83 23.26 29.12 26.21 29.36 27.01 26.52 28.95 26.56 26.74 26.99 28.73 29.35 28.00 26.42 30.00 27.44 30.14 23.81 25.40 25.59 25.59 24.86 25.72 24.95 27.12 27.26 25.26 25.76 26.88 26.98 29.14 26.20 25.27 25.34 27.00 22.54 29.44 26.40 26.59 27.39 25.85 26.09 27.21 26.23 26.23 26.07 28.10 27.48 23.26 23.44 27.88 26.41 24.64 23.86 25.97 24.57 27.50 24.11 25.49 28.21 24.64 27.79 24.59
27.81 26.73 26.66 24.76 25.01 27.81 25.82 27.62 26.35 26.32 25.86 23.14 23.82 24.87 23.56 26.55 23.70 26.50 25.75 25.62 26.97 28.75 27.97 23.60 27.20 26.53 29.81 25.87 24.46 24.99 23.31 23.52 26.07 25.54 27.24 21.92 24.97 23.03 28.82 24.09 29.69 25.38 27.26 30.56 23.36 26.97 26.77 29.73 28.36 26.57 25.43 28.32 28.66 30.18 23.69 24.32 25.65 24.82 24.45 26.60 24.39 27.08 26.87 26.19 26.27 26.75 27.14 29.27 26.40 23.77 25.67 25.89 21.06 25.97 26.85 26.60 29.03 25.89 26.39 28.43 27.11 25.63 26.04 27.86 27.16 23.52 21.65 29.76 25.81 23.25 22.74 25.13 22.96 25.72 25.23 26.70 27.42 25.17 26.19 23.39
27.50 28.51 25.65 24.72 25.67 25.65 24.61 28.62 26.02 23.66 24.61 25.34 23.64 26.13 23.43 27.39 23.74 25.79 24.81 25.43 27.26 27.15 28.02 23.83 28.16 25.18 27.36 25.92 25.23 24.88 24.31 23.63 25.57 23.96 26.59 24.04 24.35 24.33 27.82 25.04 28.31 26.17 26.85 28.48 24.46 24.76 25.83 27.93 26.61 27.89 25.67 28.81 26.61 30.28 22.46 24.34 25.58 22.77 24.95 25.13 24.67 25.49 25.98 24.83 26.40 27.03 28.33 28.50 26.69 24.72 25.91 27.15 21.94 26.30 27.56 25.39 27.81 25.72 25.27 27.38 26.83 24.42 26.74 29.07 27.76 23.78 22.50 27.65 24.56 22.86 22.26 26.41 23.83 23.71 24.65 25.73 26.79 24.53 24.99 23.86
27.66 27.21 25.99 24.25 23.21 26.49 25.08 26.71 23.99 25.72 25.52 24.42 22.23 25.30 23.23 27.23 23.32 25.00 24.98 25.06 26.11 25.26 27.62 21.76 24.97 24.33 28.91 26.61 23.97 24.82 24.40 23.71 25.94 23.69 26.77 21.45 21.90 23.68 28.29 24.13 27.99 24.26 26.32 27.28 22.55 26.69 25.33 27.34 26.30 25.43 24.46 27.87 26.39 27.63 22.71 25.23 24.67 23.78 23.74 26.00 22.19 26.49 26.60 24.39 24.49 24.52 24.81 28.79 26.48 22.74 24.33 26.50 22.71 25.61 26.00 23.61 28.44 26.12 26.95 25.07 25.58 23.44 23.40 26.75 24.82 22.99 20.21 27.70 23.25 24.20 21.85 25.05 24.07 24.20 23.89 24.62 27.07 24.10 27.12 23.11
25.18 25.44 24.90 25.42 24.98 25.30 24.90 25.42 25.50 22.86 24.77 22.77 22.62 23.80 21.55 26.28 22.59 23.96 23.78 22.55 26.43 23.74 23.74 22.34 24.24 24.71 28.32 25.20 23.85 23.74 22.44 23.32 24.41 24.23 26.07 20.39 21.64 22.30 25.91 24.38 27.40 24.04 23.98 27.74 23.60 24.58 25.42 26.77 27.07 24.67 24.33 26.50 25.83 29.08 20.40 23.28 24.40 24.28 24.51 24.92 22.85 24.06 25.10 25.01 23.89 24.98 24.30 28.28 24.05 23.92 24.03 25.61 21.91 25.60 26.31 23.44 26.94 23.30 24.74 26.49 24.92 24.80 24.78 26.05 25.56 22.07 21.49 26.47 24.25 23.29 20.93 24.81 21.52 23.71 22.70 24.24 25.71 23.17 25.08 22.91
25.81 26.23 25.25 24.66 25.90 27.69 25.47 27.69 24.99 24.89 25.10 22.79 23.87 26.36 24.54 27.29 23.36 25.43 25.66 24.32 26.46 27.65 27.81 23.98 26.01 26.34 27.84 25.05 23.25 24.03 23.49 23.67 26.66 24.25 25.39 20.22 24.49 23.63 28.85 25.29 28.46 23.91 26.80 27.19 22.80 26.67 25.69 26.39 27.69 28.22 23.93 26.09 27.59 29.98 23.46 23.79 23.54 23.47 24.95 24.51 22.72 27.54 26.89 25.41 26.03 25.21 26.15 27.72 26.23 22.66 25.14 25.52 22.31 26.00 26.30 25.42 29.60 27.15 25.64 26.75 26.12 25.74 23.24 27.30 24.48 23.01 22.99 25.43 24.57 24.16 21.85 25.91 24.20 25.92 24.41 24.29 26.93 23.61 25.57 23.06
29.30 28.06 29.29 28.55 28.42 28.49 27.84 31.67 26.82 27.46 27.50 25.87 25.65 28.27 25.96 30.11 26.20 28.89 28.39 27.19 30.18 30.11 31.44 26.00 30.06 29.04 30.61 28.16 27.46 26.45 25.66 24.91 27.17 27.11 29.11 23.90 27.16 26.36 32.69 27.01 32.89 28.57 28.72 32.38 26.39 27.78 29.98 31.00 30.59 29.19 27.93 30.05 29.57 34.16 26.41 26.23 27.29 27.24 27.63 29.69 26.84 28.83 29.13 28.19 27.45 29.55 29.71 31.44 28.76 26.78 26.95 29.01 23.29 29.27 28.05 28.61 32.42 27.82 28.85 30.17 29.34 27.22 28.33 31.37 28.90 26.42 25.59 29.57 27.79 25.95 25.47 29.59 24.14 27.15 27.21 28.54 30.21 26.79 29.46 26.42
25.29 25.07 25.42 24.55 23.35 26.58 25.05 26.30 23.31 24.10 24.67 23.07 21.40 25.38 23.15 27.38 25.06 24.51 22.71 24.70 26.12 25.45 26.24 23.77 23.41 24.40 25.23 24.62 22.11 22.65 22.81 23.27 24.20 22.23 25.57 20.86 23.38 23.17 25.00 24.67 26.21 24.39 27.05 27.32 23.05 25.30 25.85 25.27 26.92 27.17 23.75 28.69 24.97 28.47 22.47 24.77 23.05 22.67 24.59 25.41 23.44 25.13 26.33 24.16 23.79 24.83 24.61 26.05 25.75 22.31 24.86 25.23 20.63 24.95 24.62 24.15 27.18 24.89 23.80 25.23 25.33 24.42 23.65 26.63 24.69 20.69 21.24 25.78 23.47 22.21 21.10 25.35 24.96 26.01 23.19 23.04 26.52 21.96 26.71 24.82
25.68 24.65 26.90 25.75 24.70 26.17 25.39 26.44 24.93 24.88 26.20 23.68 23.21 24.92 23.26 26.03 25.11 25.65 24.09 25.38 26.27 26.83 27.98 23.16 27.24 24.73 28.73 25.08 23.15 23.96 23.44 23.22 25.21 25.60 26.57 21.79 24.66 22.90 26.14 23.41 28.01 26.27 26.42 28.71 24.38 23.74 26.84 28.17 28.39 27.02 24.66 27.79 27.22 28.64 23.91 24.52 25.48 25.59 24.76 26.07 25.23 25.11 24.86 26.92 25.62 24.48 26.01 29.23 25.20 24.23 25.48 25.39 22.20 26.17 25.48 23.73 29.50 25.50 25.45 25.41 25.27 24.89 25.79 27.13 25.49 22.16 21.01 28.29 25.68 23.36 21.79 23.45 23.01 25.15 24.02 23.78 27.08 24.57 27.66 23.35
27.12 25.64 24.86 25.37 24.75 25.77 24.59 25.96 25.29 24.37 23.51 23.35 21.69 24.33 24.29 27.30 23.09 24.55 26.18 24.14 24.91 24.89 27.52 23.50 24.74 24.46 29.21 25.76 23.68 23.75 23.94 23.10 25.24 23.03 24.97 22.42 22.46 22.67 28.05 24.00 26.83 25.83 25.16 26.28 23.96 26.06 23.82 27.00 26.83 28.22 23.48 27.35 25.15 28.90 23.79 22.83 23.17 24.67 23.89 24.82 24.18 26.28 25.15 24.37 25.30 25.08 26.32 27.53 25.08 23.69 24.37 24.88 21.41 26.68 25.96 23.66 26.27 24.52 25.29 26.32 24.74 23.19 24.50 28.20 24.92 23.24 22.85 26.16 25.30 22.65 22.12 25.34 21.30 24.42 22.45 23.76 25.74 24.16 25.92 24.04
24.91 23.44 24.65 26.26 23.81 24.58 23.45 25.76 23.95 23.89 25.19 22.71 23.18 23.84 20.84 25.73 23.66 23.62 22.89 22.96 25.02 25.11 25.96 21.32 25.32 24.56 27.10 26.45 20.80 22.75 21.86 22.25 22.69 22.75 25.18 19.79 21.62 23.48 27.31 23.74 27.49 23.61 25.61 25.88 23.17 25.26 24.50 26.55 24.12 26.28 23.33 25.94 23.86 26.63 22.31 23.06 24.50 22.58 24.29 24.23 22.72 25.57 26.44 24.62 25.51 24.58 25.23 26.50 24.34 23.28 23.82 23.32 20.15 26.65 24.11 22.88 26.90 25.17 23.00 24.21 26.57 24.32 24.96 26.62 25.20 21.06 21.08 26.13 23.15 22.64 20.52 23.52 21.99 23.40 22.68 23.33 26.13 23.64 24.80 23.96
24.75 24.01 23.85 23.04 24.10 24.62 24.20 26.14 23.16 23.63 23.43 22.32 23.10 24.81 23.92 25.65 21.84 23.28 24.27 22.77 26.13 26.02 26.39 21.40 24.31 25.09 25.97 24.24 23.61 21.77 23.21 22.16 23.94 21.28 25.04 20.81 23.39 21.82 26.80 23.84 25.81 23.36 25.21 26.24 21.88 24.19 24.30 25.49 26.28 26.11 22.66 25.16 25.08 28.76 20.96 22.59 22.56 22.85 23.03 23.86 20.77 23.93 25.97 23.59 23.75 24.15 25.82 27.21 24.45 24.43 23.09 24.90 21.91 24.62 23.86 24.47 26.58 24.88 24.31 25.42 25.09 22.62 24.32 24.60 24.47 21.51 21.50 24.71 23.16 22.02 21.05 24.30 21.06 22.80 23.39 23.14 25.46 23.16 24.12 22.83
29.77 28.36 28.77 28.09 27.04 29.73 27.14 30.13 27.83 28.65 28.15 26.70 24.46 28.36 25.81 30.08 25.46 27.03 27.59 26.67 30.08 28.23 28.63 25.77 27.06 28.88 30.94 28.69 25.75 26.22 24.11 25.45 26.42 24.81 29.34 24.84 25.19 26.92 29.95 26.94 31.40 25.51 29.09 29.40 25.82 28.95 27.57 29.59 28.98 27.51 26.63 29.29 28.78 31.95 24.80 27.21 27.19 26.03 27.83 26.54 26.67 29.66 28.32 28.70 27.18 27.40 28.50 30.91 27.16 24.55 26.65 28.15 24.71 27.59 27.39 26.78 30.91 27.76 28.61 27.98 26.70 27.39 26.36 28.78 27.55 25.63 25.07 28.87 25.57 25.16 22.53 28.85 25.89 26.78 26.02 26.29 29.18 27.18 28.65 26.51
28.09 26.42 26.95 25.73 27.02 27.06 25.73 29.79 28.49 26.77 26.70 22.85 23.47 26.20 25.19 27.26 24.45 26.59 26.02 26.66 27.25 27.63 28.41 24.47 26.38 25.55 29.98 27.77 24.34 24.63 25.51 27.12 26.50 24.15 25.62 21.95 25.06 24.19 28.37 26.55 31.18 28.14 26.66 29.98 24.90 28.40 27.32 29.64 28.17 27.91 26.33 28.68 26.51 29.45 24.12 25.85 24.22 24.49 25.49 26.31 24.17 27.54 27.82 26.50 26.37 26.66 27.61 28.40 27.65 25.23 26.26 28.46 22.48 27.15 27.16 25.45 28.58 26.78 25.61 28.81 27.22 26.91 27.54 29.56 25.94 24.10 22.47 26.62 26.47 24.56 22.90 25.35 24.67 25.71 23.32 25.71 29.00 25.63 28.69 25.00
25.56 26.95 26.56 24.76 23.63 25.87 25.49 27.67 27.08 26.30 26.06 24.52 23.52 27.28 25.23 27.38 23.68 24.96 26.12 24.33 27.96 27.10 28.11 24.19 26.94 26.68 28.60 27.61 24.79 24.83 23.21 24.48 25.09 23.21 27.02 22.34 24.60 23.94 28.64 25.34 30.01 24.81 27.24 30.24 23.52 26.54 25.79 26.76 27.68 26.24 25.89 29.10 26.38 30.12 22.26 25.43 24.39 24.60 25.25 26.38 23.63 25.80 27.49 25.90 25.69 27.03 25.82 28.80 25.75 23.91 24.99 25.75 22.39 26.79 25.89 25.04 28.41 25.24 26.31 27.57 26.54 24.86 26.84 27.05 27.36 23.50 22.82 26.67 25.11 24.00 21.19 26.48 25.28 25.25 25.16 25.58 27.34 25.16 25.90 24.46
25.38 24.24 25.83 24.28 24.22 25.75 23.26 25.84 24.91 25.97 24.85 23.22 23.03 25.09 23.53 27.00 24.15 23.47 24.01 23.95 26.04 25.93 25.53 23.08 25.20 25.78 28.43 24.48 23.03 22.95 22.22 21.73 25.91 23.07 24.46 18.34 22.08 22.81 27.17 24.68 26.94 24.03 24.96 27.62 22.92 25.66 26.00 25.99 25.37 26.09 24.35 26.41 26.12 27.96 22.30 22.85 22.67 23.16 23.43 25.14 22.65 24.81 25.15 25.13 25.81 25.01 24.46 26.38 24.96 22.58 23.32 24.72 19.74 26.05 25.29 23.70 28.19 23.78 24.46 25.23 24.42 23.93 23.60 26.06 26.58 24.07 22.08 25.63 25.00 23.32 22.13 24.42 21.92 24.60 23.25 24.68 25.66 23.71 24.44 22.21
23.61 24.80 25.00 24.73 24.55 24.41 23.19 27.22 23.26 24.32 24.94 23.22 21.10 25.56 22.95 24.89 21.95 23.11 23.67 23.65 26.91 25.28 26.91 22.84 27.18 25.15 26.49 24.63 23.14 22.92 24.07 22.01 25.49 22.22 25.53 20.95 23.28 22.23 27.54 24.49 27.73 23.21 24.93 27.34 23.02 24.94 24.44 24.45 27.45 25.85 23.86 27.57 25.68 29.88 22.46 24.01 23.32 22.77 23.07 25.27 24.27 25.36 25.88 24.08 24.71 25.54 26.55 28.66 23.85 23.28 24.13 25.17 20.56 25.42 24.91 23.99 27.49 23.65 25.63 25.35 24.83 24.10 25.08 25.95 23.36 21.75 22.64 26.49 24.49 23.39 20.85 24.25 22.23 24.66 22.59 24.62 26.32 23.84 24.97 24.11
28.50 26.81 27.97 26.87 26.41 28.11 25.94 29.93 28.27 27.52 26.44 24.83 26.72 25.98 23.95 28.60 25.80 26.71 27.42 25.68 29.59 29.04 28.70 25.37 26.77 26.72 30.88 28.59 24.97 26.65 26.22 25.68 27.96 23.71 27.09 24.40 24.85 24.26 29.42 27.11 31.99 27.64 28.92 30.14 25.12 28.81 26.43 29.77 28.27 28.41 26.63 28.32 27.67 31.36 25.40 26.11 25.68 25.69 27.38 27.68 24.86 28.72 29.73 27.94 27.91 28.50 26.97 31.52 26.83 25.34 27.06 28.01 24.07 27.64 27.45 25.26 29.89 27.81 27.21 27.94 28.76 27.15 28.23 28.73 27.82 24.74 23.95 28.39 25.56 25.34 23.43 27.67 24.52 27.98 24.72 26.65 30.26 27.52 28.29 26.21
27.08 27.30 26.04 27.35 26.26 27.56 25.23 29.82 26.27 25.00 25.81 23.73 24.24 25.66 22.64 26.31 25.60 23.70 25.07 25.74 27.83 27.39 26.56 24.32 26.54 26.75 29.09 25.40 25.58 25.74 23.56 23.34 26.04 25.41 26.18 21.46 24.78 24.05 28.25 25.98 29.14 24.18 26.35 28.59 24.18 26.15 26.89 27.32 28.02 27.35 25.37 27.66 26.15 30.28 22.53 23.95 24.90 25.33 25.45 24.67 25.69 26.30 26.57 25.77 25.48 25.17 26.17 27.68 26.26 23.69 23.71 25.17 24.43 26.79 26.95 25.89 27.77 24.63 26.50 27.50 26.22 25.41 25.84 28.05 26.23 24.17 24.84 26.71 25.24 24.88 20.71 25.98 22.96 25.15 24.10 26.73 29.14 26.60 24.85 24.38
24.81 26.33 24.50 24.32 24.80 24.98 22.73 27.00 24.41 25.79 23.92 21.87 21.18 22.98 24.02 26.51 21.01 23.88 25.90 23.32 26.15 26.56 26.49 23.15 25.09 24.30 28.72 25.53 23.84 24.26 22.47 21.05 24.92 23.49 24.62 22.13 22.66 22.01 27.68 22.84 28.15 23.83 25.75 27.15 22.85 25.20 24.05 26.51 26.87 25.94 22.78 26.55 25.95 29.01 22.04 23.64 23.87 25.16 23.77 23.21 23.94 26.22 26.10 23.92 24.30 24.56 25.04 27.79 24.96 23.74 23.67 24.25 20.29 25.95 25.88 25.34 27.11 24.67 24.94 24.04 26.37 25.21 24.87 24.49 26.49 22.54 22.85 26.22 23.87 24.39 20.95 23.83 21.74 22.81 25.06 23.00 26.63 24.34 24.46 23.57
25.48 25.55 24.82 24.84 22.61 27.05 26.09 25.56 24.93 23.21 25.31 22.11 22.42 23.78 21.84 25.64 22.72 23.24 24.78 22.27 26.27 24.45 26.13 23.12 23.84 25.46 26.41 25.07 23.00 23.49 23.56 23.30 24.32 23.95 26.72 19.95 22.95 22.53 26.49 23.70 27.50 23.76 25.15 26.73 22.73 24.88 24.96 26.93 27.13 27.40 23.21 26.46 24.44 29.90 21.72 22.68 23.35 23.69 24.50 23.58 23.54 25.09 26.27 24.33 24.92 24.25 24.78 26.28 24.15 23.29 23.90 25.12 21.36 26.19 24.91 24.42 27.42 24.15 24.73 25.51 25.35 24.41 24.61 26.69 24.76 21.86 21.94 26.03 23.94 22.87 22.22 24.24 22.70 24.40 21.73 23.52 25.85 22.74 26.38 23.68
26.52 24.20 27.13 24.02 22.75 25.57 24.58 26.31 24.98 26.14 26.27 23.01 21.89 25.84 23.08 26.20 23.43 23.32 25.05 24.15 26.70 25.89 26.77 22.27 24.84 24.34 27.75 25.46 22.83 23.67 22.23 22.95 23.84 21.55 25.44 21.67 23.32 21.99 29.36 23.46 28.74 23.93 28.05 28.14 21.89 26.29 25.61 28.09 26.18 25.65 24.76 25.81 25.59 29.30 23.35 26.42 24.46 24.67 24.78 25.00 21.63 24.95 26.27 25.64 24.09 23.86 25.13 26.95 26.20 22.39 24.78 25.26 20.73 25.58 23.99 24.81 28.22 25.21 25.88 25.04 25.40 23.21 26.31 26.28 26.87 23.07 22.67 26.26 24.36 22.83 21.00 25.67 23.06 24.58 24.31 24.19 26.60 24.77 25.53 23.18
25.36 24.01 25.91 25.18 24.41 25.59 23.85 24.90 25.35 24.78 24.16 22.24 22.33 24.29 22.69 26.25 21.78 23.41 24.32 24.26 25.87 25.41 27.19 23.44 24.62 25.99 27.68 24.28 22.39 22.22 23.00 22.99 22.94 23.68 25.17 19.89 22.19 22.07 26.61 22.22 28.39 24.00 24.13 26.78 22.44 24.33 23.76 27.56 26.84 25.23 23.30 25.12 24.16 27.40 21.19 23.50 23.36 23.48 24.46 23.74 23.28 24.02 23.75 23.90 25.13 24.73 25.51 27.47 23.14 21.76 24.67 23.13 21.34 26.84 25.51 24.54 27.91 23.17 25.68 25.07 23.62 25.29 24.34 25.24 22.88 22.18 22.79 24.38 22.89 22.12 20.83 22.29 21.62 25.35 23.78 23.54 26.06 24.60 25.26 23.01
24.00 23.33 23.32 23.15 24.61 24.59 22.91 24.48 22.72 23.05 21.92 21.13 21.97 22.57 21.74 25.85 21.69 24.45 25.74 22.59 25.50 24.23 25.24 21.12 24.89 22.47 27.05 23.51 22.97 22.26 22.30 20.27 21.87 22.58 23.42 22.34 24.12 20.39 26.61 21.27 26.96 24.18 24.62 25.57 22.18 25.21 23.90 25.13 25.47 24.57 21.41 24.84 24.94 27.90 22.67 23.08 22.32 23.57 23.52 23.53 21.63 24.58 24.01 23.09 22.77 23.34 24.82 26.00 23.54 22.02 24.28 23.65 19.23 23.93 24.15 23.72 25.33 23.76 24.86 24.28 24.30 22.85 23.28 24.59 24.19 22.13 21.12 23.86 23.23 21.48 19.54 23.47 21.12 23.11 20.71 21.87 25.57 21.41 24.40 21.83
28.11 26.89 26.72 25.84 25.23 26.69 23.97 28.54 25.94 24.84 26.43 24.29 23.33 24.23 24.63 26.58 25.29 24.55 25.24 24.84 27.10 27.18 28.42 23.63 27.08 25.10 30.32 26.42 25.78 24.94 25.22 24.14 27.09 25.54 26.17 22.71 24.20 21.91 29.40 24.94 30.57 27.22 28.53 30.71 23.41 25.67 24.77 28.45 28.51 26.14 26.54 28.74 25.93 30.24 22.36 25.25 25.76 26.50 25.58 25.85 23.89 26.01 26.93 25.56 25.14 26.46 25.78 28.36 26.87 23.95 24.81 26.86 22.85 27.39 26.16 26.24 29.85 26.39 26.56 26.38 25.98 24.09 26.19 27.34 26.50 24.24 22.66 26.12 25.03 25.02 22.44 24.02 23.48 25.55 26.13 25.55 28.93 26.22 26.67 24.30
25.28 26.67 28.05 25.36 24.96 27.68 25.91 27.49 27.64 26.00 26.71 24.37 23.58 26.60 24.00 26.95 23.41 24.56 24.81 25.67 27.81 27.99 27.38 25.22 25.98 27.70 30.24 26.34 26.10 25.07 23.23 24.10 25.32 24.63 26.04 21.58 25.59 21.55 27.56 24.63 31.80 26.46 28.08 30.79 24.22 26.69 27.57 28.04 29.28 28.04 24.11 27.87 26.50 30.75 23.28 24.71 24.57 26.68 25.96 26.99 25.30 25.05 27.97 27.18 26.11 26.41 26.08 29.72 25.56 25.30 24.85 27.06 23.20 26.49 26.09 26.16 29.00 24.07 25.63 28.47 25.86 26.48 26.47 27.48 28.45 24.51 24.77 29.92 27.22 25.35 22.94 27.54 23.01 24.70 26.02 27.00 28.67 25.71 25.00 24.90
26.93 26.16 27.36 24.76 26.87 26.82 25.96 28.24 25.13 26.84 27.31 23.94 24.14 27.35 23.44 30.56 22.33 26.75 27.00 25.93 27.59 27.36 28.72 22.55 28.25 27.39 28.23 27.09 26.92 24.78 24.52 22.99 25.27 23.40 25.40 22.60 24.59 23.84 30.40 26.07 30.72 27.86 27.39 29.21 24.74 25.54 26.53 28.92 29.39 29.07 26.09 27.77 27.74 31.53 24.17 24.45 26.43 25.71 25.03 24.19 22.80 26.34 25.64 28.14 27.25 26.92 28.86 28.81 26.57 25.09 26.15 27.74 21.78 28.28 26.79 28.12 27.96 25.76 25.16 28.22 26.01 26.28 27.25 28.11 29.72 24.40 24.78 27.96 26.94 25.64 23.10 25.92 23.16 24.82 26.01 26.05 28.46 25.29 26.13 23.44
24.99 25.90 26.17 25.93 25.57 26.51 25.75 26.02 25.51 23.62 25.94 24.68 25.38 25.04 23.65 26.54 24.75 23.74 26.00 25.36 28.76 25.64 26.43 24.12 25.20 25.44 27.67 26.70 24.36 23.02 24.86 24.32 24.41 24.04 26.26 20.92 24.51 22.53 27.31 23.64 27.41 23.59 24.87 28.25 24.18 26.47 24.51 25.93 27.11 26.32 22.66 26.14 25.50 29.42 21.92 23.55 24.22 25.26 26.47 27.03 23.72 24.76 26.21 26.93 25.52 23.67 25.64 27.97 25.04 23.47 24.45 26.86 22.60 26.91 24.80 22.91 28.20 24.28 25.39 25.91 23.13 25.34 25.21 27.84 24.51 23.05 22.94 24.98 26.48 23.69 20.05 25.86 22.05 25.02 22.12 24.19 26.81 25.81 27.09 24.55
26.29 27.99 28.24 26.60 27.24 27.14 25.70 29.25 24.53 25.62 25.12 25.78 23.66 27.09 24.00 27.54 26.96 24.79 25.74 27.76 29.95 28.17 28.05 26.21 28.22 25.49 29.87 27.55 26.61 24.97 24.15 22.80 25.60 23.68 26.28 21.78 23.75 25.36 29.55 26.08 29.75 25.75 26.87 28.65 25.17 27.21 26.42 28.44 27.69 28.64 24.87 28.70 28.69 32.33 24.00 25.11 25.31 25.75 26.68 27.07 26.08 25.62 27.41 27.13 26.63 27.24 27.88 29.98 27.57 24.32 25.84 27.50 22.77 27.73 24.64 24.88 29.72 24.44 28.16 26.60 27.48 26.21 27.47 27.37 28.37 24.95 24.20 28.32 26.12 26.25 22.07 27.34 24.34 24.66 26.08 27.72 26.88 25.05 26.82 24.52
22.02 21.54 24.70 22.10 22.45 22.02 23.04 24.04 21.96 21.75 22.05 20.73 21.69 23.99 21.09 23.56 20.81 22.62 22.73 21.62 25.05 22.70 23.96 21.33 22.08 23.24 24.94 23.91 22.14 19.74 20.63 19.55 21.06 20.59 22.71 18.77 20.90 20.79 24.94 22.91 26.48 23.28 22.21 25.40 20.88 23.47 21.96 24.94 24.66 23.65 21.33 24.30 22.45 25.71 21.09 21.95 20.31 22.66 21.68 23.08 20.08 21.09 23.47 22.28 23.38 23.54 22.38 24.91 21.06 21.10 22.94 23.18 19.12 23.35 21.57 21.78 24.44 21.87 22.98 24.66 21.87 22.15 22.84 24.73 22.97 20.47 20.24 23.93 22.65 20.55 20.14 23.00 20.16 23.00 20.05 22.13 24.05 21.99 23.33 22.28
26.08 24.33 24.27 25.24 23.56 25.41 24.39 24.95 24.77 22.99 24.88 21.70 22.43 25.60 22.52 24.93 22.85 23.79 23.08 22.89 25.25 26.74 26.39 22.38 25.23 24.71 26.77 24.80 21.54 23.18 23.09 21.83 25.19 23.02 25.64 20.43 24.40 23.33 26.65 24.07 26.86 23.76 25.05 25.03 23.22 24.45 26.41 25.34 26.11 26.38 24.38 25.58 27.20 28.18 23.36 22.85 22.59 22.60 24.64 23.89 23.28 25.13 25.53 23.92 24.84 25.29 25.71 27.90 24.77 23.41 24.50 23.78 20.04 25.82 25.07 24.05 27.71 24.02 24.43 25.19 24.65 23.15 23.62 25.37 23.91 22.90 21.46 25.72 23.47 23.20 20.24 23.79 22.47 25.43 22.77 23.66 25.10 23.43 25.22 22.39
25.59 25.30 25.10 24.40 25.15 26.60 23.07 25.47 22.27 22.87 24.31 22.94 23.10 24.12 21.43 26.87 24.37 25.00 23.58 24.58 25.72 25.62 26.31 22.98 24.87 25.28 25.84 25.10 23.11 22.26 23.14 22.88 25.78 24.20 25.94 20.30 22.42 22.68 26.11 24.36 25.08 22.83 25.45 25.44 22.56 24.47 24.08 24.91 26.96 24.02 24.84 26.32 25.10 27.63 21.56 25.39 24.69 22.86 22.59 23.31 23.85 26.74 24.86 26.31 23.60 25.07 25.55 26.45 24.91 23.04 24.09 25.26 20.38 25.74 25.77 24.26 26.30 24.97 24.64 24.39 23.38 23.73 21.71 24.67 24.79 21.76 21.69 26.28 24.86 24.64 20.87 23.64 22.69 24.27 22.26 22.27 24.44 22.72 25.16 22.67
26.41 26.84 27.63 26.46 25.72 27.86 24.14 26.99 25.37 26.42 25.35 23.83 26.01 26.32 24.32 28.79 25.39 26.00 26.89 24.59 28.16 27.11 27.94 24.12 26.74 25.98 28.79 27.08 23.69 24.50 24.63 24.38 26.05 23.57 26.07 22.00 23.89 23.68 27.58 23.90 29.01 26.33 28.40 29.23 24.05 27.71 25.27 27.72 27.25 26.83 25.01 26.50 27.55 30.54 22.88 26.19 23.97 25.89 26.91 27.40 24.13 27.11 28.03 26.03 26.76 27.43 26.34 27.85 27.48 23.82 26.24 27.20 20.73 27.96 25.37 25.12 28.95 26.43 25.64 27.21 27.47 25.56 25.86 28.15 26.39 25.05 23.43 27.29 26.42 24.75 21.92 27.16 23.45 25.10 23.77 24.15 27.54 25.16 27.22 25.51
25.93 25.88 24.43 25.34 25.90 25.51 23.39 27.78 24.15 23.38 23.44 23.25 23.66 24.14 21.17 26.36 22.25 23.12 22.97 24.44 26.31 26.47 25.24 23.20 25.22 25.12 28.94 26.51 24.52 24.14 23.33 22.33 25.15 23.17 24.42 21.17 22.46 22.45 27.33 25.65 29.07 24.99 25.83 26.39 23.62 26.53 23.84 25.67 27.39 25.59 23.84 26.67 24.87 28.49 22.68 23.10 22.59 24.60 24.36 24.21 23.97 25.95 26.76 24.54 24.26 25.52 25.34 27.81 24.81 24.06 23.72 25.54 21.81 24.86 23.51 23.06 27.31 23.48 24.48 26.26 24.90 24.90 24.25 26.34 25.29 22.02 22.98 26.95 24.58 23.70 20.36 25.67 22.33 23.27 21.61 23.89 26.09 25.50 25.02 24.55
23.62 23.10 25.28 24.11 24.84 25.30 23.93 25.29 23.88 23.52 23.87 22.35 22.79 24.18 21.30 26.36 23.07 24.85 22.66 25.46 25.59 25.14 25.82 21.70 24.20 26.13 26.02 22.93 23.52 22.78 21.70 22.43 24.28 24.56 25.01 19.94 21.78 21.27 25.81 23.46 27.07 24.88 23.66 26.51 23.38 23.45 25.10 26.47 26.19 26.26 23.85 26.31 24.54 26.87 22.24 23.51 23.34 23.46 22.23 24.49 21.64 24.54 24.51 24.86 24.74 24.43 24.33 27.89 23.82 22.41 23.72 23.85 21.90 26.40 26.10 24.46 26.80 23.74 23.38 26.67 25.47 25.70 24.51 25.47 26.34 22.06 21.96 26.64 22.20 22.11 22.29 24.35 21.90 24.87 22.90 25.03 26.24 22.91 25.21 23.07
23.38 21.44 24.88 23.34 23.55 23.83 22.32 26.29 23.16 22.81 21.27 20.86 21.64 24.32 21.78 25.39 23.09 22.42 23.38 22.41 24.66 23.97 27.29 21.44 24.14 22.74 26.54 22.86 21.94 20.34 21.91 21.39 23.31 22.87 23.41 19.11 21.83 20.56 26.36 21.43 26.75 23.34 24.77 26.05 21.94 23.67 23.69 25.25 24.84 26.03 24.16 25.83 24.88 27.39 21.97 22.69 22.41 22.95 22.77 22.89 22.00 23.99 23.74 23.74 23.09 24.36 23.85 26.14 23.02 22.62 23.16 23.69 19.70 24.30 24.48 22.77 26.47 23.27 22.99 24.10 25.68 23.00 23.73 23.79 23.97 22.10 19.50 25.04 21.84 21.06 20.42 24.21 23.35 22.75 22.58 22.71 25.73 21.95 25.26 22.39
26.21 27.66 26.76 25.85 25.35 27.70 25.18 27.90 26.72 27.09 24.49 24.90 24.90 26.50 24.84 29.85 24.49 25.96 27.68 25.48 27.24 26.70 27.90 23.96 25.80 26.30 30.34 27.67 25.82 25.55 24.04 22.50 26.14 25.71 27.55 22.58 25.30 25.74 29.55 26.04 29.58 26.10 28.62 27.47 23.93 26.86 26.68 28.03 27.84 26.46 25.58 28.29 27.77 31.15 23.60 25.56 24.45 26.76 26.95 26.56 24.89 27.34 27.75 25.52 27.20 26.01 26.87 30.53 25.97 24.48 25.69 26.16 22.28 27.02 26.27 25.12 29.69 26.19 26.97 26.86 26.61 26.17 26.43 27.73 26.49 25.14 23.90 27.30 25.52 25.35 22.10 28.63 24.27 26.19 24.76 25.08 28.50 25.50 26.62 25.21
28.37 25.32 25.81 25.81 26.71 26.45 23.13 27.65 26.31 24.05 26.92 25.14 24.17 24.87 24.35 28.24 24.17 24.65 24.67 25.37 27.27 26.38 27.99 23.47 26.83 26.10 28.53 25.18 23.53 24.10 24.22 23.72 24.93 25.08 26.83 21.14 24.39 23.26 28.95 25.91 27.58 24.96 27.31 26.82 25.72 26.13 26.75 27.87 26.85 24.79 26.00 26.36 27.21 29.82 22.73 24.64 24.69 23.91 25.69 26.40 23.70 26.89 25.85 25.00 24.57 26.17 27.26 25.87 26.59 23.98 25.00 25.78 22.22 26.23 26.71 24.94 28.34 25.31 26.16 24.62 25.82 25.35 26.73 26.57 26.03 23.15 22.87 26.89 24.73 23.61 21.50 25.90 23.42 25.80 23.16 25.84 26.95 25.27 26.01 23.31
25.32 26.52 26.05 27.30 25.77 27.34 24.81 27.09 26.32 25.63 26.97 25.35 25.55 27.10 23.82 26.70 25.24 24.82 26.95 26.70 27.66 28.39 28.07 23.29 28.59 26.95 28.93 27.00 26.17 25.97 23.82 23.94 25.82 25.68 27.20 22.11 24.76 23.59 29.17 25.98 30.37 26.69 25.47 29.11 25.70 26.23 26.11 27.53 28.80 27.56 24.54 28.57 27.24 30.27 24.64 24.94 26.23 24.13 26.62 26.52 25.03 26.85 26.99 26.84 26.77 25.71 28.06 28.09 26.18 24.17 25.03 27.90 22.75 27.72 27.78 25.16 29.34 25.42 26.47 28.21 26.81 26.64 25.95 28.59 27.10 23.22 23.89 27.53 25.37 24.10 21.72 26.32 23.04 24.98 24.01 24.41 27.46 26.56 25.15 26.01
24.69 26.14 26.89 24.08 22.74 26.71 24.71 26.39 23.02 25.09 24.36 23.73 22.70 25.57 23.01 26.13 23.96 25.10 25.92 24.43 28.12 25.64 26.63 22.85 24.74 24.95 26.53 25.76 23.64 23.83 21.96 23.47 25.68 23.11 25.65 22.51 23.60 22.58 27.27 23.65 27.44 24.93 25.27 28.16 22.65 23.62 25.99 26.27 27.51 26.91 23.65 27.70 25.61 27.48 21.69 23.43 23.13 22.93 22.96 24.91 22.57 24.62 24.88 25.27 25.24 24.71 25.81 26.81 24.29 23.15 24.55 25.21 20.87 25.60 26.74 25.58 25.78 24.51 25.13 26.73 24.65 24.20 24.92 25.88 25.55 22.88 23.21 25.85 23.48 22.83 21.40 24.71 23.26 24.49 22.49 24.30 27.68 22.91 25.56 23.37
28.42 28.50 27.75 28.53 28.82 29.71 26.25 30.14 26.11 28.69 25.84 25.09 23.88 29.65 26.01 29.74 25.15 28.94 30.43 28.12 28.79 29.39 29.49 26.60 28.20 27.97 31.00 27.14 27.94 25.49 25.81 23.79 26.14 26.34 28.85 23.21 26.48 25.48 30.23 27.16 32.05 27.62 28.93 29.91 23.95 28.72 27.41 30.09 29.43 27.04 27.45 30.22 28.99 32.28 25.36 27.76 26.38 27.53 27.48 28.26 27.15 28.59 28.41 27.65 26.92 28.01 28.26 30.61 27.81 24.25 28.79 26.76 23.28 27.71 27.91 26.55 30.66 27.53 27.47 28.08 27.67 28.26 25.30 30.40 28.35 26.01 26.31 28.00 26.11 24.91 23.99 28.28 24.52 26.54 25.21 27.13 29.19 26.64 27.44 25.36
25.41 26.63 24.83 24.99 25.35 25.07 23.35 29.71 27.00 23.72 24.74 23.34 23.44 25.10 24.02 26.85 22.34 24.23 25.53 24.78 26.82 26.32 29.43 24.02 26.83 24.52 27.37 24.62 24.45 25.40 24.45 24.76 25.60 22.99 25.90 22.01 25.02 22.36 28.89 24.64 28.18 24.62 27.78 27.75 22.67 25.83 26.20 26.20 27.57 26.54 25.93 27.91 27.49 28.90 23.64 24.73 23.34 22.64 24.61 25.22 23.95 26.39 25.67 24.46 24.05 24.78 27.48 26.81 26.44 23.35 26.29 25.71 22.88 26.39 27.32 25.43 28.15 24.41 25.48 25.37 26.39 25.16 25.96 26.46 25.43 22.93 23.19 25.29 24.09 23.31 20.63 26.11 24.16 24.67 24.85 25.81 28.98 25.04 25.17 23.78
28.46 28.99 27.82 27.46 27.09 29.28 26.77 29.61 28.56 28.56 27.76 26.71 24.95 28.60 26.29 28.68 26.55 26.61 28.36 28.51 30.67 29.15 30.16 26.66 29.53 28.31 32.79 28.71 25.67 27.72 26.53 26.95 28.98 26.62 28.48 24.33 25.39 24.59 30.48 27.57 30.68 26.24 28.59 30.18 25.19 28.38 28.76 28.56 29.53 30.87 26.54 29.92 28.36 30.39 25.65 27.12 27.83 26.46 25.44 27.76 26.92 29.15 27.95 27.88 28.81 28.23 29.47 32.70 27.50 25.88 28.62 28.79 23.63 29.98 28.70 28.41 30.42 26.90 28.39 29.75 28.22 28.74 28.23 29.49 27.76 24.87 24.88 30.18 24.99 25.67 23.26 28.27 25.99 27.50 25.13 28.22 29.89 27.30 29.91 26.31
26.07 25.91 23.96 24.24 24.76 26.22 24.12 25.46 24.77 24.25 25.07 23.31 23.70 25.35 23.22 27.11 22.60 22.20 24.74 24.64 25.16 26.48 27.37 22.92 24.30 25.14 26.92 25.86 23.70 24.17 23.37 23.51 25.20 24.50 24.70 20.57 24.92 21.16 28.36 25.16 27.95 24.01 26.86 27.19 22.62 24.84 23.87 25.07 25.80 26.43 24.04 28.02 25.62 29.76 22.91 24.03 23.63 24.53 25.98 24.76 24.37 24.69 26.27 24.28 25.10 25.37 26.86 27.33 25.55 23.91 25.28 25.47 19.29 26.09 24.96 25.09 27.19 23.60 24.55 25.71 25.32 23.50 24.69 26.44 24.97 22.22 22.09 24.71 24.49 21.58 20.85 24.85 22.56 24.72 23.49 24.08 25.48 23.89 24.49 23.75
25.35 26.94 25.34 24.28 24.73 25.60 23.66 27.53 23.82 24.38 23.51 22.98 22.92 23.83 23.84 25.16 21.77 24.26 24.56 24.39 26.64 25.75 26.47 24.29 26.30 25.17 27.42 26.25 25.31 24.03 24.21 22.09 25.22 23.15 25.28 20.17 23.35 22.44 26.55 24.06 27.46 23.43 25.72 27.83 22.71 24.88 24.41 26.63 27.65 25.14 23.73 27.21 25.97 28.86 21.42 24.01 22.83 24.01 25.71 23.79 24.68 25.41 26.16 24.19 24.57 25.39 26.37 27.97 24.02 24.13 24.80 25.61 21.26 26.18 25.14 22.32 28.99 23.82 25.06 24.51 24.76 25.42 23.57 25.65 24.13 21.38 22.45 26.37 25.59 25.34 20.30 23.92 22.45 23.62 22.48 23.00 26.23 24.41 25.79 23.95
25.47 25.91 23.81 23.68 23.54 25.98 24.76 25.71 24.85 23.00 23.82 23.30 22.60 25.11 22.30 27.02 23.98 23.03 24.09 24.31 27.22 24.15 25.72 23.63 23.83 25.39 26.89 25.75 24.20 23.71 23.91 23.43 24.01 23.55 24.66 22.62 23.69 22.63 24.50 23.46 26.18 23.95 25.38 27.97 22.94 25.29 24.52 25.59 27.58 26.65 23.30 27.77 24.20 27.84 21.17 24.03 23.98 23.29 23.96 25.21 24.08 24.77 25.30 23.81 23.85 24.99 24.63 27.86 24.79 23.67 24.71 25.99 20.06 24.84 26.09 23.54 26.93 23.73 23.98 25.93 25.01 24.72 24.82 26.54 24.51 21.64 21.66 26.70 23.78 21.90 20.94 25.43 24.54 23.74 21.63 22.96 26.04 23.43 26.94 24.04
26.11 23.06 24.85 24.43 23.10 25.87 23.23 23.32 23.36 23.26 24.38 20.28 21.41 22.45 21.15 25.92 21.23 23.15 22.75 22.72 24.22 24.62 25.03 21.76 25.13 25.21 26.55 24.71 22.82 22.22 21.51 20.80 23.89 22.00 25.16 19.07 22.80 21.28 24.31 22.34 27.14 22.76 25.01 25.96 21.57 24.66 24.71 25.28 26.46 22.64 23.90 23.74 24.43 26.76 21.12 22.23 23.25 23.80 22.84 23.56 21.91 24.05 21.96 25.88 22.17 24.03 25.59 25.53 22.97 22.37 23.38 23.18 19.57 25.04 24.28 23.43 25.43 22.28 24.25 24.87 21.76 22.61 22.84 23.92 24.19 21.03 21.33 24.49 24.82 22.71 19.97 22.53 19.82 23.23 22.72 23.31 24.98 22.81 24.53 21.50
25.81 25.13 24.77 25.16 24.44 26.34 24.75 26.69 25.59 24.54 26.41 22.06 24.02 23.82 21.34 25.73 23.46 23.20 23.77 24.54 27.23 26.73 25.99 21.17 25.65 26.38 28.64 25.53 23.99 24.71 21.86 23.82 25.72 23.97 23.87 22.17 24.19 21.71 27.49 24.02 28.45 24.59 25.56 27.71 25.15 26.37 26.70 28.00 28.48 27.52 24.41 26.95 27.12 28.96 22.64 23.92 24.26 22.60 23.57 24.42 23.30 25.85 26.54 25.49 24.53 25.62 26.13 26.73 26.17 24.43 24.73 26.04 21.88 25.80 25.97 25.36 26.42 24.69 25.49 26.13 27.03 24.50 26.50 25.58 26.16 22.35 22.19 27.27 25.63 22.82 20.12 23.93 21.74 24.13 23.52 25.07 27.44 24.74 24.87 23.30
27.18 26.89 27.33 26.85 25.82 27.14 25.50 28.14 25.82 26.36 25.00 24.74 25.36 25.28 23.58 29.02 25.07 25.02 25.91 25.85 26.82 26.82 28.96 22.44 27.73 26.13 29.73 26.70 25.41 25.81 24.89 23.39 25.92 23.38 26.95 23.47 23.52 23.16 29.91 25.11 29.45 27.44 27.12 28.37 24.97 27.52 26.01 28.33 27.55 27.39 24.31 27.45 26.87 31.57 25.40 25.24 25.85 25.94 27.47 27.03 24.97 26.77 26.32 26.78 25.60 26.37 27.49 28.73 28.26 23.87 26.20 27.96 23.28 25.90 26.73 25.10 29.55 25.39 27.60 26.77 26.60 25.37 26.11 30.03 27.38 23.12 23.08 27.76 26.18 24.43 22.27 27.22 22.92 26.48 25.93 25.23 28.01 25.19 27.46 25.17
