10 10
41.321922 88.20721 99.041435 47.00141 25.225544 6.949991 70.56636 30.643867 7.3438406 95.62614
53.60645 15.720427 41.019314 14.689255 52.315266 32.15262 89.67744 1.5518546 67.7406 75.78506
44.466274 89.20498 11.219853 34.134567 12.641155 99.26454 62.556236 81.21789 31.135803 26.41433
9.508938 16.483337 16.268093 6.660181 95.5636 82.230225 64.79549 52.47012 73.80851 4.0704308
61.159412 41.896397 63.78109 15.14408 84.90016 9.614241 22.184616 59.935528 16.606634 19.237572
18.285793 23.445612 2.6735365 7.3674736 90.53103 99.77698 2.4202764 9.987604 6.4673243 37.304646
26.190853 85.750465 46.488266 69.77438 1.8753529 83.418106 40.376503 40.94559 28.405905 2.5630832
50.272022 39.638412 88.281456 28.244394 74.81458 99.93096 73.726166 87.70591 46.105545 63.271217
10.908145 56.471188 67.18758 3.7194073 48.52476 4.110098 45.391674 50.53427 67.343765 8.324469
82.65411 2.7860224 98.88826 17.048573 93.326965 75.358475 48.838806 9.505426 2.724123 84.14336