P2
12
0
100
100
0.0041577816009521484

21.61 23.96 26.18 25.85 25.82 20.29 25.76 25.18 24.31 26.17 21.67 23.11 20.01 25.03 21.99 21.65 26.90 26.41 23.89 21.82 24.12 22.25 22.91 22.36 23.55 20.99 24.07 26.13 23.86 24.11 26.23 21.63 24.75 28.37 24.87 22.61 23.74 23.70 25.95 26.09 24.08 24.48 22.95 24.09 22.90 27.23 24.10 23.83 24.79 25.20 20.59 22.88 21.78 22.38 24.23 22.30 23.47 22.94 24.24 21.28 22.54 23.33 24.32 21.83 25.91 23.14 24.20 27.69 24.49 25.28 22.65 20.50 23.53 23.84 23.27 24.68 24.66 23.95 23.80 21.17 23.53 22.33 24.49 22.95 21.52 26.22 25.27 24.63 23.00 26.14 24.71 24.28 25.66 22.85 24.20 21.32 22.50 23.81 23.25 23.08
22.67 26.58 27.52 27.56 25.57 20.66 25.69 25.38 24.79 27.08 23.12 24.22 21.13 27.59 23.47 23.72 26.24 27.44 22.89 25.48 26.34 23.77 23.59 23.99 23.99 22.18 25.07 25.76 25.75 26.05 28.04 22.63 27.22 28.45 25.31 23.95 23.79 25.91 26.88 25.86 24.68 26.53 25.86 25.62 21.40 28.53 23.98 26.33 24.93 28.70 22.60 23.13 24.68 23.65 24.36 25.03 25.15 23.90 24.82 23.70 25.01 22.71 25.32 20.62 26.69 24.99 26.62 27.05 26.15 24.84 23.25 21.80 24.85 23.71 26.64 26.02 24.19 24.97 24.58 25.49 25.46 26.14 24.91 24.09 23.61 27.05 25.69 26.63 24.86 28.83 24.51 26.14 27.19 23.91 26.23 23.01 23.79 26.76 26.30 24.67
22.80 25.19 27.58 27.51 26.03 20.47 25.34 24.37 25.00 25.23 22.05 24.73 21.02 25.55 23.44 24.68 26.67 25.01 23.40 24.73 26.34 22.59 24.15 23.54 25.55 22.35 24.99 26.28 27.53 23.95 26.42 22.51 25.37 28.78 24.69 24.33 23.71 24.66 26.79 26.10 24.97 25.64 26.02 25.13 22.95 27.64 23.61 25.04 25.10 25.90 23.38 23.94 24.81 24.15 24.42 25.26 25.45 22.71 25.72 23.62 22.95 23.27 24.90 21.65 26.48 23.73 24.59 26.94 24.81 26.68 24.08 22.38 21.98 23.61 25.32 26.27 23.17 22.87 23.97 23.73 23.45 24.50 25.14 23.20 23.99 24.38 25.15 26.12 22.15 29.08 24.10 26.45 27.29 23.92 25.23 22.04 25.55 26.00 25.37 25.34
24.34 27.66 29.33 29.40 27.77 22.93 29.64 27.88 26.03 28.80 25.57 26.20 24.16 28.77 25.99 27.39 28.84 29.65 25.17 26.13 28.62 26.10 25.68 24.83 27.24 24.18 28.38 29.16 28.61 27.77 29.05 26.02 27.62 30.72 28.28 27.02 26.06 27.61 30.57 30.62 28.73 28.44 28.45 27.45 23.84 30.73 27.31 27.19 28.44 30.45 25.44 27.34 28.08 26.51 27.12 28.84 28.13 26.79 27.93 25.00 26.34 27.48 25.86 24.24 29.99 26.82 27.45 31.22 28.98 28.13 26.00 23.26 24.18 26.08 26.94 27.18 26.69 25.86 27.05 26.60 26.67 27.69 27.61 25.61 26.32 28.23 28.57 28.99 26.38 33.03 27.03 27.72 30.06 26.45 28.37 23.96 27.29 28.51 27.71 26.96
23.36 25.35 28.54 27.89 25.88 20.76 25.90 26.41 24.76 27.57 23.56 24.80 23.37 26.26 23.08 25.27 25.78 25.58 24.53 25.22 26.06 24.43 23.19 22.96 25.64 22.77 26.27 25.48 26.21 26.05 26.84 23.27 26.28 30.00 26.11 24.94 24.27 24.83 27.19 27.85 25.36 26.12 26.49 25.52 24.60 29.90 25.91 24.95 27.40 29.31 22.69 22.98 25.23 24.74 25.46 23.59 25.83 24.18 25.87 24.38 23.76 25.12 26.30 22.39 26.14 23.38 25.05 29.73 26.50 24.85 24.01 22.85 24.27 24.90 26.17 24.91 25.30 24.10 27.99 22.70 24.03 25.81 23.96 24.43 22.57 26.01 25.54 25.74 23.71 31.11 24.93 26.25 28.52 22.69 26.48 22.51 22.88 26.03 25.40 24.43
23.59 27.42 28.59 27.52 26.79 21.91 26.72 26.19 26.40 27.43 25.42 24.12 21.75 26.20 24.79 25.48 28.04 27.74 22.58 26.81 28.09 25.25 26.00 24.11 25.90 23.41 26.09 28.07 27.11 28.59 26.74 24.23 28.15 28.76 27.07 25.70 26.23 28.21 28.55 27.79 26.73 26.42 27.39 25.43 24.46 30.36 24.65 25.07 26.68 27.87 24.01 25.08 25.82 26.32 25.19 25.87 26.28 24.64 27.90 25.90 25.86 25.79 25.50 23.62 31.47 26.70 26.87 29.41 28.72 26.07 24.35 23.50 24.64 26.09 25.59 25.26 27.03 25.66 27.86 23.74 26.87 26.40 26.49 25.71 24.35 28.18 26.55 29.58 24.97 30.97 26.33 26.97 28.33 24.77 27.22 22.64 24.40 26.35 25.89 26.22
23.29 24.46 27.51 27.02 26.76 21.21 26.28 25.74 23.66 27.39 23.94 23.71 21.11 25.93 22.62 24.24 26.41 26.34 21.77 24.38 24.47 22.57 24.57 22.96 25.08 23.15 25.67 26.18 26.92 24.69 25.82 22.65 26.58 28.40 25.69 24.61 24.75 25.83 26.22 26.62 25.90 24.78 25.84 24.20 21.18 29.09 25.06 24.41 25.66 24.80 23.53 23.95 23.94 25.25 25.28 24.42 24.67 21.97 24.29 23.49 23.56 23.36 24.46 22.64 28.13 24.19 25.32 28.05 25.25 25.04 25.34 23.55 23.64 24.12 25.59 25.64 23.84 22.50 24.34 23.47 24.63 24.63 25.05 23.09 24.60 27.22 26.02 26.37 23.38 27.79 26.20 26.58 27.97 23.46 25.81 22.45 24.23 26.19 24.77 22.89
21.41 22.04 22.75 24.10 23.98 19.72 22.39 22.79 22.83 22.41 20.88 22.62 18.86 22.95 20.92 21.49 22.83 22.63 21.83 21.27 24.39 22.22 21.58 21.53 23.47 20.30 22.24 24.07 24.80 23.25 23.08 21.16 22.69 25.75 22.94 22.31 20.99 23.20 23.98 24.91 24.46 23.32 24.56 23.20 21.01 27.16 22.65 22.06 24.80 24.89 20.66 20.02 22.41 22.91 23.88 21.52 23.10 21.44 23.47 22.52 21.82 22.36 23.03 19.84 24.11 21.99 24.60 26.11 24.55 22.84 21.10 21.22 20.52 23.48 22.19 21.83 24.03 23.00 23.10 19.48 22.92 22.78 22.93 22.45 21.09 24.32 23.08 24.59 20.89 25.73 22.40 25.03 22.93 21.29 24.08 19.33 22.52 23.97 22.45 22.79
22.47 25.46 26.48 26.67 25.72 21.23 25.50 25.42 26.37 25.04 21.93 24.21 22.10 25.58 23.88 23.61 28.07 26.60 23.51 24.34 26.23 21.88 23.46 23.77 23.44 21.52 25.30 26.76 27.47 25.27 26.80 23.55 25.20 29.21 25.36 24.16 25.23 24.92 26.66 27.42 24.37 26.07 25.74 24.78 22.98 29.71 24.42 25.05 25.23 27.32 23.99 21.08 23.10 23.20 25.27 23.51 25.73 24.56 24.57 23.56 24.29 24.07 25.63 23.68 26.94 23.09 25.73 27.70 24.27 26.77 24.79 21.07 25.18 23.58 23.73 25.35 25.91 24.74 25.55 23.47 26.23 25.27 26.38 25.17 24.59 25.50 25.25 27.07 22.15 28.98 26.20 25.59 27.78 21.93 26.14 23.81 24.39 24.86 24.84 24.48
19.79 21.43 22.06 22.62 23.06 19.00 22.78 20.37 21.72 21.86 21.67 23.19 18.38 22.51 19.66 21.46 22.37 24.03 20.95 21.54 22.86 20.41 22.26 21.06 21.66 18.61 21.37 23.54 22.63 22.43 22.30 20.91 24.00 26.38 22.40 21.05 21.43 21.85 24.51 24.24 22.34 22.97 23.69 24.04 19.68 24.29 22.18 23.39 23.94 23.23 22.60 20.55 23.58 23.24 22.23 21.47 22.59 21.15 22.50 20.08 19.90 22.04 23.41 19.24 24.83 22.36 22.73 26.19 22.40 22.96 21.57 20.45 19.09 21.74 20.63 21.68 22.07 21.18 22.79 19.64 22.70 21.60 21.40 21.21 21.14 23.02 22.42 24.21 20.92 25.20 22.41 23.34 23.66 20.30 22.70 18.57 23.70 23.04 22.28 21.65
23.13 25.11 27.05 27.78 27.51 21.90 25.92 25.38 24.99 25.77 24.27 24.87 20.79 26.19 24.69 23.63 26.12 26.95 22.53 24.63 26.31 23.84 24.87 23.14 25.63 23.45 24.95 26.31 27.76 25.90 27.60 23.46 26.18 30.03 25.06 25.24 25.39 26.68 26.53 28.24 26.72 25.27 27.29 25.90 22.47 29.39 25.81 24.66 26.41 28.35 25.28 22.61 23.42 25.52 24.84 24.43 24.50 24.39 24.84 22.67 24.50 25.19 26.41 22.07 27.75 24.63 24.90 29.59 26.08 26.45 25.43 23.57 22.48 24.87 24.09 24.80 25.91 24.89 25.49 22.96 26.67 24.65 25.53 23.62 25.63 26.44 26.14 27.38 23.87 29.78 25.22 24.94 28.42 22.88 24.46 24.62 24.50 25.24 24.73 25.84
22.84 24.03 24.14 25.31 24.50 20.66 25.35 23.04 25.08 24.43 21.72 22.83 19.63 23.47 22.83 22.16 24.77 24.80 22.62 24.08 23.61 23.51 24.17 22.74 23.93 22.13 22.85 26.66 23.37 23.97 24.70 23.70 24.28 27.95 24.57 21.78 22.55 23.20 24.95 26.15 22.64 22.57 25.21 25.16 21.30 26.79 22.68 25.10 25.16 25.31 23.36 21.51 22.46 24.34 23.63 22.32 24.30 24.16 22.37 22.42 23.60 23.05 23.64 20.41 26.16 23.74 25.30 28.12 24.54 22.43 23.54 20.25 23.22 22.92 21.55 23.68 22.76 24.52 24.08 20.78 25.28 23.93 24.29 23.04 22.83 24.97 23.43 25.17 23.59 26.77 23.79 24.83 26.38 22.63 25.28 20.76 23.64 23.79 24.22 22.57
21.79 23.37 25.55 23.20 25.38 19.50 24.46 22.60 22.80 24.01 22.49 20.80 20.62 23.63 20.68 23.52 24.20 25.03 21.71 23.01 24.73 22.98 22.90 23.25 22.89 20.73 22.61 24.65 24.13 23.57 23.33 23.44 23.60 27.23 24.78 22.11 23.43 25.04 26.35 25.79 24.02 23.48 24.71 24.18 22.39 28.37 24.02 22.84 25.38 24.72 23.47 22.57 24.14 22.60 24.08 22.75 24.60 23.60 23.83 22.72 21.95 23.69 24.17 21.31 25.06 23.16 22.94 27.12 25.73 23.44 21.53 21.17 20.59 23.65 23.04 21.56 24.99 23.71 24.07 22.52 23.26 24.39 24.14 24.17 22.61 25.49 24.67 25.96 22.20 26.77 22.43 24.90 25.33 21.85 23.76 20.00 22.81 24.03 22.94 23.20
24.00 25.47 29.32 28.22 26.97 22.37 27.93 25.19 27.87 27.30 23.59 24.40 22.76 25.77 23.39 24.90 28.17 28.22 24.60 27.35 26.88 24.93 26.02 23.35 27.53 23.76 26.18 26.85 28.28 26.58 27.99 24.47 27.34 29.79 27.07 25.03 26.16 27.36 28.01 27.26 26.63 25.90 26.57 27.70 24.65 30.91 25.72 27.81 26.54 27.60 24.02 25.59 24.92 25.53 26.80 25.88 25.91 25.88 26.29 24.38 25.27 25.27 26.17 23.10 28.75 25.15 25.94 31.19 27.08 26.08 26.37 23.17 27.14 26.14 26.62 25.69 26.62 27.59 26.98 24.68 24.96 24.77 26.73 26.88 23.79 28.74 26.67 26.75 24.59 30.29 27.13 26.44 27.98 26.36 27.86 23.90 25.06 26.31 25.27 25.44
25.49 26.07 29.30 30.32 28.79 23.30 29.00 28.06 27.91 28.64 26.10 26.06 23.69 28.77 25.34 25.90 29.28 30.50 26.64 27.57 28.96 24.56 27.88 25.37 27.78 25.54 28.60 29.76 30.37 26.29 28.76 24.87 29.62 31.47 29.46 26.03 28.52 29.91 29.93 29.50 28.69 28.19 28.49 27.44 25.42 31.88 27.97 28.83 30.45 30.11 25.03 26.30 27.21 27.14 28.05 27.21 27.94 27.64 29.24 25.66 26.30 27.59 27.92 24.23 30.28 27.37 28.91 33.07 27.75 28.21 26.34 25.19 27.17 27.35 27.50 26.87 27.12 28.00 29.34 25.60 28.48 27.79 27.75 26.47 27.30 29.34 27.76 29.60 25.89 32.54 27.43 27.20 30.39 25.42 28.96 23.57 27.95 28.47 27.31 27.99
21.08 21.85 24.49 22.98 22.40 19.64 22.14 21.88 21.49 22.77 20.26 20.99 18.22 23.46 20.49 21.36 23.58 22.76 20.24 22.09 22.21 19.82 22.27 20.45 22.71 19.50 21.89 22.82 22.97 22.10 23.93 20.97 23.59 25.65 22.56 21.00 22.46 22.34 23.69 24.79 22.28 22.43 23.48 23.49 20.62 24.72 21.82 22.28 21.74 24.85 20.20 21.04 20.84 21.30 21.91 21.07 22.24 21.18 21.06 18.97 21.39 20.73 24.36 18.91 23.73 20.68 22.19 24.82 20.55 22.61 19.88 20.12 20.88 20.56 22.57 21.73 21.20 20.40 22.39 19.39 23.41 22.26 22.21 21.24 20.89 21.96 22.10 23.24 21.19 25.99 20.97 20.77 25.05 20.22 22.72 19.39 21.25 22.07 21.88 21.80
24.75 25.74 29.44 28.03 27.01 22.71 26.72 24.74 26.62 26.99 24.60 25.97 21.03 27.68 24.22 25.93 27.67 27.70 23.44 25.25 27.62 22.72 26.26 24.48 24.15 23.03 25.33 27.10 26.89 26.26 27.87 24.30 27.57 30.45 26.64 24.80 25.73 27.66 28.22 28.09 27.49 25.03 27.31 28.35 22.70 29.23 24.64 27.10 25.74 28.07 23.89 24.85 25.74 25.23 26.34 25.06 27.07 23.00 24.71 24.45 24.68 23.94 25.94 21.47 29.09 25.58 26.80 29.05 26.58 25.65 23.68 22.75 22.98 24.58 25.84 26.97 25.33 25.78 24.77 25.33 26.15 26.16 27.59 25.57 25.26 27.30 27.43 26.59 25.66 31.02 25.16 24.95 29.38 24.62 26.40 23.30 25.75 27.64 26.16 25.11
21.35 22.74 26.76 26.55 26.32 19.85 26.43 24.36 24.82 24.25 22.95 23.15 19.40 27.45 22.30 22.13 26.27 26.09 22.12 25.02 25.53 22.79 24.27 22.28 24.95 21.78 24.80 26.01 25.66 24.60 26.35 22.51 27.17 30.24 22.89 23.40 24.73 25.69 25.05 27.18 23.75 23.95 25.42 24.82 21.80 28.39 23.61 26.78 25.79 26.11 23.97 21.41 22.24 23.99 25.05 25.10 24.55 24.58 23.18 22.59 23.74 23.57 24.50 21.10 26.65 24.41 24.49 27.31 25.00 24.88 23.31 21.55 23.78 24.41 23.39 23.97 24.14 24.05 24.37 22.28 24.91 23.66 24.72 23.48 24.94 25.07 24.12 26.83 24.88 27.89 25.19 24.20 26.35 23.34 26.36 22.38 23.65 25.66 23.27 24.51
22.87 24.87 25.89 27.22 26.47 20.08 25.50 25.76 24.88 26.22 25.23 24.13 21.30 25.71 23.74 23.60 27.35 27.43 23.24 23.34 26.06 24.02 24.44 24.95 26.61 23.29 26.01 27.29 26.65 26.31 27.60 22.68 25.80 28.55 28.95 23.65 25.34 26.37 26.98 27.34 26.05 25.28 27.47 24.28 23.01 27.32 24.56 25.78 26.16 28.86 22.94 23.27 24.47 24.15 24.09 24.86 25.78 24.41 26.19 24.83 24.07 25.21 23.70 21.82 28.96 25.39 25.84 29.73 28.13 24.53 23.92 22.50 22.75 24.98 24.85 25.59 25.24 23.76 24.27 23.79 24.51 25.71 24.69 24.87 23.37 27.72 26.77 28.52 23.48 29.10 24.36 26.09 28.50 23.27 26.61 23.67 24.22 24.90 25.46 25.44
23.63 24.19 28.23 27.50 27.27 22.38 27.29 26.69 25.33 28.45 24.90 24.92 22.49 27.48 24.11 24.51 28.45 28.72 25.30 26.10 27.14 24.02 26.00 26.07 26.90 23.17 26.72 29.27 27.24 27.51 27.73 24.11 27.80 29.42 27.40 25.05 25.15 26.82 27.74 28.52 28.09 26.42 26.58 26.22 23.95 31.43 25.49 27.40 28.32 28.47 23.44 24.86 24.88 24.96 25.59 24.57 25.25 24.93 27.82 23.98 25.50 25.07 26.64 23.54 28.26 24.81 27.69 28.30 26.23 26.60 25.11 21.56 25.78 27.05 25.45 27.42 26.23 25.46 26.18 23.26 27.02 25.85 26.02 27.09 25.90 28.05 26.90 28.26 24.40 30.49 25.89 27.11 27.75 23.14 27.43 23.50 24.39 28.02 26.16 25.35
22.30 22.92 25.66 25.81 26.03 21.07 25.46 22.79 23.87 26.06 23.58 22.65 19.56 25.15 22.10 23.18 25.22 26.15 21.39 22.76 23.96 23.32 24.63 22.55 24.58 20.38 23.82 25.62 26.05 25.33 25.86 22.80 26.66 28.39 24.95 23.04 25.48 23.88 26.81 27.80 23.89 23.05 26.65 24.84 21.58 26.56 24.40 24.92 26.06 26.70 22.71 23.63 23.59 23.68 25.52 25.23 23.32 24.22 23.81 21.95 22.51 24.88 23.67 21.31 28.06 25.04 23.95 28.03 24.95 24.26 23.97 22.03 23.28 24.54 23.90 23.50 24.79 22.69 22.50 21.42 24.40 24.08 24.87 24.09 22.96 23.51 24.72 25.89 23.31 28.41 24.53 24.68 27.48 22.99 25.98 20.64 23.97 25.69 23.88 24.64
25.13 25.60 25.85 27.07 25.97 21.32 24.71 24.93 23.85 25.56 22.84 24.02 19.71 25.70 21.80 24.21 24.92 25.21 22.28 23.56 28.16 23.99 23.31 24.20 26.23 20.43 25.70 25.49 25.88 26.24 27.16 23.68 25.43 28.51 24.83 23.10 24.39 26.40 27.57 27.48 25.25 24.74 26.33 25.48 21.97 28.92 24.86 24.56 25.35 27.04 22.04 22.19 24.60 23.45 25.44 24.59 24.99 24.45 26.36 23.20 23.35 23.56 23.66 21.80 26.56 24.11 26.72 28.99 26.38 23.56 23.03 23.19 23.25 24.82 23.93 24.14 24.53 24.77 23.79 24.36 23.99 23.65 24.25 25.56 23.62 25.93 27.11 25.98 24.42 28.43 23.65 25.75 26.36 23.33 24.09 21.84 23.72 26.77 24.48 24.75
24.74 24.94 29.31 30.61 30.24 23.32 29.51 26.82 26.22 28.66 25.43 27.20 22.98 28.04 23.97 25.51 28.71 29.12 25.85 26.40 28.60 25.69 26.82 25.13 28.35 24.45 27.98 28.62 28.82 27.53 28.45 24.59 28.92 31.06 27.86 26.72 26.65 26.13 29.46 28.36 28.86 27.51 27.43 27.82 23.59 30.19 25.62 28.00 29.21 28.56 24.20 25.79 26.49 27.92 26.93 26.43 27.15 24.32 28.63 23.73 26.80 26.89 26.66 24.36 29.60 26.88 28.74 30.98 28.05 26.66 27.65 24.04 25.26 28.54 26.17 27.75 27.68 25.76 26.21 24.56 27.56 26.90 27.25 25.73 26.25 27.51 26.98 28.82 26.16 32.27 27.31 27.69 28.59 24.92 27.95 24.48 24.45 27.07 26.42 26.26
23.17 23.64 26.65 26.70 26.27 21.18 24.73 23.37 23.89 24.32 22.33 22.42 21.02 25.23 20.92 22.72 24.47 26.33 22.72 22.81 25.95 22.36 23.97 22.82 22.35 20.93 25.42 24.72 25.60 23.71 24.43 21.44 26.72 28.42 24.37 22.10 23.77 23.83 24.90 24.85 23.74 24.18 24.73 23.19 21.44 26.28 23.85 24.73 25.55 24.60 23.34 21.01 22.95 23.60 22.71 23.70 25.30 22.05 24.31 22.43 23.58 22.65 23.77 20.82 26.00 24.63 24.89 24.93 23.81 24.17 23.68 22.68 21.68 24.42 23.82 24.71 23.12 22.33 23.61 23.40 24.22 24.06 24.10 22.87 23.93 23.86 25.01 24.02 23.37 27.21 24.11 24.15 26.18 22.43 23.93 20.80 22.99 24.31 23.28 23.30
22.66 24.66 27.93 27.76 26.64 20.72 27.24 24.89 24.00 27.20 24.48 22.76 22.28 27.13 24.14 24.42 26.87 27.88 23.92 24.03 24.82 23.29 24.92 23.04 25.57 22.95 25.52 27.62 27.26 25.35 26.78 23.94 27.82 29.49 26.78 23.98 25.12 25.38 26.37 26.63 27.21 26.94 27.21 26.80 22.05 30.05 25.47 24.76 28.37 28.33 23.51 25.52 25.25 25.07 24.65 24.83 25.49 25.05 27.43 24.12 24.08 25.26 25.03 22.63 28.11 25.41 25.57 29.09 27.07 25.52 25.36 21.68 23.99 25.63 25.45 24.36 24.77 25.57 25.16 24.70 24.18 25.31 25.69 24.60 24.52 27.93 25.40 27.86 24.44 29.91 24.36 25.21 27.11 23.77 26.29 23.14 23.03 26.51 24.90 25.29
23.49 26.68 27.16 28.27 26.73 21.67 26.98 25.59 26.08 27.51 23.05 23.39 22.28 26.12 25.49 24.37 27.69 27.27 24.49 26.44 25.71 25.43 25.71 25.75 25.31 22.58 25.94 27.37 27.16 25.71 27.14 23.36 25.61 28.50 26.66 25.40 24.29 26.34 27.84 26.60 25.47 25.92 27.32 26.23 23.43 29.39 25.27 25.66 26.05 27.80 24.84 23.76 24.04 25.04 24.08 24.42 26.04 24.59 25.77 24.53 24.09 24.48 25.13 22.94 28.81 25.79 27.13 30.31 27.23 25.33 26.21 23.15 24.54 24.70 23.60 26.14 24.85 27.46 26.65 23.54 27.41 25.56 26.13 26.00 23.81 28.14 25.96 26.85 24.46 28.46 25.79 27.35 29.27 23.04 25.76 23.17 25.75 25.65 25.45 24.14
21.07 24.06 25.87 26.20 23.66 19.20 24.95 21.59 23.62 24.43 21.36 23.09 21.66 24.59 20.68 22.63 25.15 25.57 21.90 23.68 25.46 22.62 24.23 20.31 23.55 20.83 22.82 25.15 26.03 23.69 25.54 20.68 25.44 26.79 22.38 23.90 22.67 24.09 26.18 24.66 24.66 23.50 23.34 22.78 22.07 26.19 23.24 23.38 23.34 24.38 22.03 23.47 24.28 23.49 23.80 24.03 23.30 20.42 23.14 21.01 23.44 22.25 21.19 21.10 25.52 22.72 23.98 27.53 24.16 24.02 22.98 21.61 23.32 24.11 23.70 24.08 23.57 22.24 22.68 21.68 23.18 22.18 24.46 24.27 23.07 23.69 25.43 26.11 22.55 29.75 25.03 24.14 25.57 22.11 25.42 20.89 23.82 25.05 22.38 23.32
25.43 29.17 30.88 30.15 28.69 25.95 29.21 28.56 27.50 29.14 25.75 27.04 24.56 28.93 26.22 28.92 29.45 30.97 25.58 28.58 30.90 26.32 27.96 25.53 27.52 22.62 27.53 29.45 28.95 29.81 29.12 26.35 30.21 32.81 27.43 27.52 26.05 28.63 31.01 31.65 28.63 28.98 30.07 30.14 25.33 32.73 28.11 28.57 30.54 29.74 25.20 27.67 28.62 26.90 29.56 28.64 29.25 26.45 30.26 27.01 26.53 28.48 28.22 24.62 31.30 27.78 30.52 30.92 28.79 29.13 27.28 25.28 25.74 27.25 28.57 28.07 27.03 27.42 29.22 24.33 30.66 27.85 27.92 27.40 25.35 29.21 27.77 29.68 27.43 32.69 27.94 27.77 33.02 25.89 28.33 23.11 27.38 27.69 28.21 29.04
21.58 22.30 26.13 25.37 25.11 19.95 26.15 23.29 23.90 24.45 23.45 22.97 19.81 24.11 23.04 22.03 26.78 26.90 24.20 25.19 25.77 24.16 24.11 22.59 26.01 20.76 24.23 26.74 25.40 24.01 26.21 24.59 27.02 27.13 24.78 23.66 23.48 24.90 25.37 25.48 25.45 22.22 25.55 25.64 22.92 28.44 23.53 25.18 25.07 26.60 22.68 23.25 24.55 23.54 25.66 23.54 23.77 22.86 25.34 22.86 23.33 23.36 24.67 20.51 26.10 23.71 25.75 27.92 25.19 22.97 25.19 20.90 23.97 24.95 23.85 24.83 26.33 23.46 23.53 21.67 24.87 24.23 24.25 26.26 24.14 25.56 25.95 25.60 21.70 28.39 26.12 25.51 26.84 22.01 25.11 22.85 23.35 25.31 25.02 22.36
23.25 24.93 27.04 27.61 25.31 22.14 25.60 25.33 25.30 26.12 24.42 25.87 22.17 28.01 23.34 23.50 28.37 27.46 24.90 24.33 26.26 24.86 26.29 23.73 24.03 22.65 25.30 27.32 27.63 27.19 27.37 25.91 26.82 30.42 25.24 24.45 25.52 25.08 25.98 29.44 26.11 25.38 27.13 25.35 24.89 28.00 26.11 26.50 26.78 28.93 23.96 23.44 24.86 24.30 26.27 24.97 25.41 25.44 25.58 23.56 24.37 25.75 24.84 21.83 29.65 23.14 26.38 29.53 25.44 25.45 24.19 23.11 24.40 25.53 24.87 25.98 26.41 25.72 25.81 23.33 26.07 25.59 26.46 25.25 26.15 27.67 25.23 28.45 24.55 30.09 27.14 27.08 28.42 24.09 27.19 22.96 24.73 25.92 26.46 25.26
22.05 24.54 26.28 25.33 25.19 20.88 24.94 25.44 23.64 25.03 22.76 22.93 20.28 24.99 22.13 24.06 25.77 25.42 21.59 24.44 25.23 22.35 23.37 22.27 23.29 21.27 23.91 25.38 26.28 24.54 25.27 22.34 24.45 27.56 24.98 23.87 23.00 26.21 26.14 26.26 24.96 26.48 24.84 24.29 23.43 28.13 25.00 23.65 25.63 26.44 22.16 23.39 24.60 23.87 25.14 23.60 24.34 23.42 23.89 23.62 23.40 23.19 24.44 21.13 27.29 23.07 25.18 28.34 24.83 24.44 22.41 22.15 23.68 23.39 26.38 23.88 24.00 23.52 26.43 22.96 24.83 22.74 24.76 24.03 23.83 26.84 24.71 25.77 21.60 27.63 24.48 24.34 27.51 21.97 25.00 21.03 23.60 24.87 23.78 22.85
20.46 23.75 25.95 26.06 25.28 18.63 26.02 23.05 23.61 24.23 22.58 23.20 19.87 24.13 21.98 23.28 27.13 26.12 22.52 24.03 26.08 22.03 24.30 23.69 25.27 20.67 23.80 26.06 26.27 22.83 24.70 23.21 25.80 26.14 25.43 24.85 24.00 26.15 26.02 25.96 24.77 23.62 24.57 23.91 20.34 27.28 22.73 22.01 22.83 24.87 22.23 24.60 24.05 22.08 24.83 25.13 24.66 21.85 24.47 22.24 22.76 24.18 23.60 21.34 27.21 24.06 24.67 27.33 24.47 24.13 22.91 22.06 23.05 23.07 22.98 24.53 24.12 22.26 22.57 21.65 23.17 23.59 24.40 22.88 23.49 25.33 24.68 26.52 21.53 29.18 23.79 25.17 26.38 22.10 24.83 21.73 23.23 25.47 22.90 23.37
22.85 24.52 25.09 25.53 24.17 21.28 24.95 23.98 23.68 25.55 23.40 23.93 20.57 25.74 21.61 21.84 24.99 25.70 23.20 23.94 23.34 23.43 24.41 23.40 24.89 21.94 24.20 25.40 26.28 25.62 25.99 23.36 26.55 27.94 25.39 22.39 23.09 25.29 25.42 27.70 23.09 24.21 27.02 24.72 21.94 27.97 24.85 25.13 25.77 27.71 22.71 21.98 24.36 24.51 23.83 23.28 25.00 23.60 24.92 24.50 23.68 23.81 24.11 21.84 27.81 23.37 25.97 27.29 25.11 23.51 22.38 21.96 23.50 24.93 24.15 25.51 24.45 22.49 24.14 21.11 24.34 24.32 25.23 23.46 22.85 27.18 26.02 27.01 23.16 28.32 24.16 25.09 26.54 22.53 25.71 21.85 22.99 24.68 24.70 23.58
25.24 26.59 29.17 27.22 27.27 21.76 27.57 25.20 25.72 27.33 25.03 24.62 21.46 27.62 24.45 25.84 28.36 28.78 24.22 25.02 27.13 25.62 25.39 24.52 26.94 20.81 26.88 28.57 27.91 27.29 28.60 25.66 28.23 31.30 26.88 26.40 27.24 26.74 29.86 29.91 27.10 27.09 27.64 27.53 24.56 30.64 27.10 26.87 27.76 28.51 23.49 24.00 26.72 24.97 27.40 28.04 27.23 26.57 27.38 24.52 24.74 26.12 26.32 23.11 29.58 26.26 28.17 30.03 27.83 26.82 25.45 23.69 24.27 25.87 25.90 25.48 26.78 25.55 25.92 24.89 26.56 26.87 26.35 26.83 26.27 27.33 26.07 28.92 26.08 29.89 26.38 27.20 29.52 25.83 29.83 22.95 25.99 27.02 26.53 25.70
23.34 23.60 26.21 25.00 26.84 20.88 26.17 23.51 23.12 24.52 22.35 22.87 20.19 23.68 20.66 22.70 25.16 24.44 22.92 22.26 25.19 25.11 22.87 22.28 26.49 20.85 24.60 24.51 26.00 25.00 24.87 22.91 25.27 27.34 23.37 23.60 23.05 24.61 27.04 23.76 25.17 24.33 25.46 23.76 23.06 27.74 24.54 23.08 26.01 24.93 22.80 24.52 24.02 24.70 24.45 25.38 24.50 22.43 24.27 21.53 22.46 22.87 22.91 21.66 26.40 22.95 24.47 26.66 24.99 23.11 22.63 22.36 21.54 24.15 23.85 24.01 24.08 21.98 24.62 21.60 23.93 23.88 23.99 24.01 23.59 24.34 25.07 26.89 22.25 27.75 24.15 24.51 25.44 21.97 26.16 20.91 24.05 24.04 22.61 23.65
23.41 24.39 24.77 26.67 25.33 20.11 24.99 22.49 26.29 25.15 23.19 24.51 19.41 23.86 22.00 21.67 25.02 24.67 22.10 24.76 24.47 23.37 24.34 22.85 25.41 21.32 24.89 26.78 26.67 24.65 25.81 22.70 25.17 27.42 24.99 24.09 23.94 24.64 25.43 25.54 26.01 24.21 26.77 23.53 23.42 26.96 23.84 24.20 24.91 24.97 22.69 22.10 23.16 24.76 25.17 23.24 24.04 22.86 25.57 23.74 22.73 23.20 24.45 21.18 28.55 23.25 25.45 27.94 24.93 23.89 24.50 21.87 21.52 24.14 22.80 24.59 24.14 24.20 24.93 22.22 23.80 24.12 24.03 23.20 24.76 25.06 24.50 25.19 22.62 28.24 24.13 24.40 25.54 22.36 25.65 21.31 24.15 24.41 24.43 23.43
23.81 26.71 28.94 26.98 26.12 22.05 29.27 26.66 25.35 28.04 24.44 25.01 23.81 26.00 23.71 25.31 27.62 28.21 24.72 26.73 27.22 26.27 25.71 23.58 26.24 23.48 25.56 26.83 27.49 27.76 26.34 25.65 28.15 31.01 26.35 25.29 26.02 26.42 27.22 27.31 25.65 27.21 27.49 27.46 23.35 30.77 25.86 27.11 28.36 27.95 24.64 26.02 26.20 23.64 26.80 25.84 26.17 25.71 26.96 22.22 25.73 25.84 26.44 22.77 29.45 25.53 27.68 29.71 27.32 25.70 25.09 22.86 27.48 24.61 26.27 26.57 24.96 26.04 29.11 23.12 26.02 26.56 26.22 25.22 25.41 27.93 26.41 28.35 25.33 30.50 27.05 25.84 29.67 24.48 27.64 23.11 25.51 25.81 24.69 25.49
24.55 26.26 29.62 29.08 27.61 24.01 27.93 27.28 26.11 27.94 25.86 26.46 22.13 28.39 23.84 25.36 28.41 27.40 24.00 27.08 28.63 25.73 26.32 24.58 26.76 24.89 26.54 28.40 26.58 28.96 27.85 25.95 26.95 31.29 27.71 24.44 26.72 27.59 27.72 29.14 27.29 27.57 28.03 27.45 23.00 31.67 27.57 26.80 28.27 30.20 23.52 25.40 26.09 25.16 28.16 23.18 26.40 26.93 27.35 25.37 26.29 24.93 28.30 23.54 29.46 26.50 30.28 32.07 27.70 24.28 24.23 23.31 26.24 26.65 25.89 26.92 26.39 26.36 28.73 23.30 27.05 25.79 26.12 25.12 25.87 29.11 26.81 27.82 26.63 31.02 27.58 28.62 28.85 26.28 29.31 23.23 25.35 27.14 27.21 26.17
20.62 22.31 23.51 23.21 24.30 19.22 23.80 21.10 22.93 24.11 21.81 22.76 20.11 24.06 22.43 20.76 24.94 25.29 21.45 23.46 24.20 22.17 23.83 20.95 23.00 19.94 23.48 24.87 23.79 23.12 24.33 23.09 26.08 26.09 23.93 21.61 22.76 22.98 24.83 24.59 24.99 24.10 25.33 24.53 20.04 27.06 23.63 23.28 24.11 26.03 20.53 21.56 23.32 22.59 23.31 23.61 23.43 23.00 25.28 21.57 22.38 23.80 23.67 21.42 26.52 23.27 23.93 25.88 24.19 23.80 24.29 20.88 21.02 22.60 21.52 22.14 24.56 22.34 24.28 20.49 23.85 23.94 24.22 22.26 23.07 24.87 22.78 25.86 20.53 27.84 22.80 23.26 25.35 21.79 23.91 20.80 21.96 23.07 23.82 24.10
22.39 23.21 27.12 25.71 26.03 22.62 25.48 25.08 23.90 24.80 22.29 23.44 20.10 25.90 23.01 23.26 27.29 25.39 23.21 24.50 25.08 22.96 23.25 23.35 25.03 20.43 25.49 24.30 24.87 24.46 26.94 21.46 26.31 26.89 24.31 24.87 23.83 24.61 26.14 26.97 25.31 25.88 25.65 24.42 20.65 26.99 22.82 24.87 25.50 24.85 22.72 24.22 23.99 23.10 25.73 24.50 24.84 22.99 25.22 21.91 24.63 23.00 24.82 21.27 27.77 25.12 25.07 26.77 24.33 25.08 21.77 19.96 21.50 23.76 23.57 24.99 25.89 24.14 24.51 22.33 24.99 22.95 23.56 22.71 21.46 24.72 25.23 26.41 21.26 28.81 25.05 24.61 27.16 21.84 23.68 23.08 21.82 25.02 23.71 24.93
20.21 23.23 26.36 25.28 26.41 20.67 23.57 24.80 21.07 26.26 22.29 22.85 21.36 24.98 21.29 22.43 24.96 27.09 22.07 22.96 24.70 22.75 22.09 21.96 23.84 20.99 22.97 24.41 24.65 25.92 25.66 20.33 26.69 27.45 24.03 20.77 22.82 24.39 25.96 26.70 25.04 24.07 23.55 22.45 20.70 26.55 23.54 24.14 25.94 26.93 20.76 22.81 23.24 21.29 24.13 23.24 24.40 21.70 25.76 21.50 22.18 23.55 22.55 21.23 25.82 22.95 24.70 26.95 23.93 23.42 22.94 20.88 22.02 21.70 22.80 23.77 22.85 22.62 23.47 21.49 23.76 23.67 23.98 21.96 21.48 23.85 24.24 25.15 22.06 28.66 24.07 24.21 26.70 21.03 25.04 20.81 21.80 23.47 23.82 23.69
23.98 24.67 27.20 26.53 26.72 21.88 26.47 24.99 25.32 27.63 22.53 23.83 22.47 28.35 23.11 25.08 26.78 26.25 24.43 26.38 25.73 25.26 25.92 24.84 26.52 21.66 26.97 26.72 26.91 23.85 27.44 23.59 26.29 29.77 27.10 26.48 23.89 25.68 26.44 26.72 25.32 25.53 27.39 25.60 24.15 29.83 24.79 25.61 26.74 25.89 23.17 25.15 25.39 25.96 24.92 25.52 27.03 23.19 25.59 24.18 25.31 25.38 25.70 23.04 27.13 23.61 26.58 28.49 26.51 25.66 25.39 23.37 24.28 25.25 25.39 26.70 25.20 24.89 24.41 22.31 25.48 25.04 25.26 24.70 24.57 26.79 27.05 25.74 25.92 30.43 25.34 24.70 27.88 22.99 25.07 23.16 24.79 27.47 24.69 24.57
23.47 26.14 25.64 27.22 25.27 21.64 25.68 23.38 24.00 26.06 22.73 24.71 20.48 25.70 23.73 24.51 26.65 24.58 22.72 22.46 25.05 24.40 24.84 22.57 25.40 22.28 24.77 26.59 26.96 25.74 27.71 23.98 25.53 28.17 25.60 25.46 24.74 26.20 26.08 27.83 24.61 24.09 25.67 23.19 21.39 27.89 24.72 24.33 26.18 24.88 22.32 23.37 25.24 24.65 23.88 24.00 24.86 23.53 25.54 24.45 24.44 22.83 22.91 20.96 27.59 24.83 25.02 28.03 26.04 25.40 23.32 21.25 21.36 25.42 24.10 24.13 24.12 25.29 23.72 23.39 23.69 24.32 25.37 23.84 24.38 25.94 26.49 25.48 24.45 29.47 24.48 25.17 26.86 23.57 25.48 23.37 24.12 25.70 24.91 24.66
22.41 24.01 26.20 26.81 25.25 20.61 24.83 22.45 24.42 25.27 23.31 23.37 20.30 24.79 21.08 21.02 26.49 26.84 21.24 23.35 25.00 22.14 24.22 21.13 22.78 20.98 23.55 25.35 26.52 23.84 25.67 21.54 26.65 28.17 25.56 21.87 24.14 25.04 24.97 23.92 23.76 23.88 25.10 24.57 22.99 27.11 23.53 23.74 25.48 26.02 22.78 22.12 24.42 22.59 23.32 22.58 22.86 22.98 23.53 23.13 22.65 23.29 24.14 20.08 27.42 22.71 24.86 28.42 24.39 24.06 22.08 21.17 23.99 23.44 24.29 23.43 23.15 22.81 23.38 23.03 23.82 22.66 25.25 23.13 24.60 25.94 23.83 24.74 23.29 27.84 23.75 24.44 25.99 21.63 25.45 22.34 23.16 23.67 22.72 24.59
22.99 23.79 26.33 28.26 25.97 21.61 25.94 25.40 23.59 25.82 23.99 22.62 20.55 24.98 24.39 23.77 26.25 26.74 23.92 24.61 26.09 23.59 24.62 23.24 25.28 20.79 26.25 26.03 26.14 24.98 26.92 23.29 25.77 27.96 24.13 23.84 23.97 25.79 27.51 27.66 25.65 25.39 27.14 25.26 22.73 27.84 24.65 24.78 25.85 27.87 22.58 23.63 23.38 24.50 25.32 26.05 23.66 24.38 25.31 22.88 23.96 24.42 24.18 21.90 26.03 24.77 26.50 28.34 24.83 24.95 23.49 23.90 23.31 25.42 23.98 24.80 24.87 23.91 24.55 23.39 25.32 24.28 25.09 24.28 23.56 25.33 25.62 26.78 24.00 28.70 24.83 26.46 27.86 23.05 24.18 20.69 24.91 25.50 24.05 25.48
24.97 26.63 29.00 30.45 27.80 23.60 29.28 28.06 26.25 28.10 25.54 26.88 22.46 27.83 25.30 23.60 29.07 28.27 25.00 26.68 27.92 27.10 27.84 26.44 27.38 24.59 28.15 28.93 30.27 28.05 28.52 23.95 29.09 31.00 26.83 25.95 27.35 27.83 28.49 28.55 27.74 28.05 29.96 26.84 25.79 29.13 27.11 26.84 29.32 30.31 26.68 25.57 26.73 26.42 25.10 25.94 25.80 25.90 27.34 26.60 26.95 25.90 26.89 24.00 31.13 26.07 28.66 31.78 28.39 26.56 25.47 23.99 26.28 28.02 25.92 27.59 26.78 26.28 26.38 26.63 27.06 26.24 27.20 26.78 27.62 29.63 29.05 30.49 25.77 32.15 26.31 28.09 29.44 23.58 27.92 25.51 27.17 27.69 25.78 26.42
22.87 24.43 28.93 28.53 26.99 21.28 27.97 27.00 25.69 26.26 25.47 23.33 21.19 27.33 24.73 24.24 28.20 27.81 24.20 25.29 26.33 24.73 24.48 24.02 26.19 22.40 26.22 28.49 25.15 25.46 27.80 23.58 27.06 30.53 26.45 25.29 25.08 26.33 27.61 28.02 25.78 25.69 27.03 25.63 24.29 29.53 24.57 25.66 26.80 26.64 23.69 23.76 24.23 25.41 26.23 24.66 26.21 25.70 26.39 24.02 23.32 25.10 25.94 21.79 28.39 25.50 26.99 28.47 26.23 24.93 23.31 23.30 25.34 25.50 23.51 26.65 25.34 26.04 25.80 22.37 26.26 23.81 25.63 25.23 24.04 26.94 25.42 26.59 24.66 27.46 26.06 25.20 28.12 23.17 25.50 22.74 24.57 25.51 24.89 24.39
22.63 24.15 27.42 26.50 25.68 21.29 25.22 25.54 24.26 25.53 21.57 23.10 20.44 27.16 23.80 22.98 26.80 25.50 22.23 23.19 26.28 24.09 22.42 23.00 24.99 21.98 24.34 25.10 25.33 25.36 27.35 21.94 25.58 28.21 25.61 24.48 24.30 25.07 25.68 27.11 25.33 24.90 25.82 24.71 22.01 28.82 23.83 23.51 25.93 26.80 22.06 22.78 24.51 24.57 25.23 25.86 24.74 24.64 24.42 22.19 23.44 24.34 23.65 20.59 26.20 24.06 24.80 27.92 26.08 24.64 23.60 20.67 22.17 23.53 24.14 25.04 24.69 24.99 24.48 22.42 23.25 23.40 24.86 23.08 22.04 26.99 25.74 25.43 22.95 27.31 24.54 25.26 26.41 23.36 25.48 22.03 23.66 26.93 23.37 24.17
22.33 26.18 26.15 26.67 26.19 20.42 27.12 25.07 23.93 25.90 22.54 22.96 21.24 26.71 23.21 23.80 25.71 25.17 23.92 24.52 25.66 23.85 24.59 23.93 25.40 21.03 24.78 26.36 25.69 24.89 25.93 22.80 26.18 28.50 24.03 24.06 23.75 23.86 26.97 26.38 25.05 25.98 24.21 26.49 21.82 30.55 24.05 24.81 25.62 27.06 23.18 23.31 23.53 24.30 25.33 25.74 25.01 23.74 24.71 22.20 24.74 24.90 23.02 21.91 27.10 24.45 26.81 26.67 25.76 25.11 24.31 22.07 23.21 26.07 24.07 25.61 25.00 24.98 24.03 21.46 26.41 23.40 24.66 23.98 23.21 24.49 25.22 27.76 24.34 29.82 25.60 25.53 26.42 23.37 26.61 21.19 23.45 26.37 23.49 23.97
24.22 25.10 27.33 27.31 27.13 21.99 28.64 26.99 26.37 28.55 25.94 25.34 22.54 27.28 24.01 24.52 28.05 28.04 25.45 26.88 25.23 25.93 25.74 24.22 26.05 23.12 26.76 28.64 27.61 26.22 28.53 25.18 28.94 30.17 28.14 24.77 25.63 27.28 28.93 28.31 26.10 27.06 28.22 27.19 24.78 30.28 25.88 27.88 29.54 30.02 25.38 25.37 25.33 26.41 25.20 26.82 25.79 26.73 28.10 25.08 26.65 25.53 27.26 23.31 30.33 26.18 28.11 29.80 28.43 27.18 24.78 22.38 27.59 27.02 26.91 25.71 26.51 25.59 26.63 24.60 27.05 27.14 27.54 25.99 26.96 29.33 27.91 30.08 25.82 30.49 26.95 26.09 27.27 24.19 27.84 24.35 25.55 26.91 26.96 25.98
24.93 28.58 28.37 29.46 28.49 23.18 27.53 27.60 26.73 27.85 26.20 25.43 23.31 27.96 24.77 24.84 28.88 28.44 25.74 25.87 29.11 25.96 26.98 25.66 27.39 24.12 27.31 28.16 29.63 28.62 28.27 25.28 29.05 30.31 28.47 25.23 27.02 28.01 28.62 27.47 26.20 27.71 28.64 27.45 26.33 31.75 26.96 26.96 28.35 31.18 25.04 27.11 25.50 26.63 26.63 26.85 26.81 26.40 28.15 26.40 26.18 26.80 25.77 24.56 30.58 26.66 27.56 30.29 27.66 26.43 25.81 24.29 26.37 27.56 29.65 27.96 28.07 25.35 26.36 24.58 26.67 26.96 27.13 27.46 26.67 27.62 28.65 31.16 25.36 30.39 27.35 29.29 29.45 25.11 28.85 23.67 25.97 28.03 26.01 26.18
24.49 26.08 27.48 28.01 26.31 22.82 27.48 27.23 26.03 27.72 25.32 26.69 22.40 27.78 25.38 25.47 29.82 28.39 26.43 26.24 28.24 27.27 27.57 25.63 29.49 24.40 26.66 29.06 30.13 27.14 29.20 24.32 29.72 32.01 28.51 25.86 28.87 28.58 28.45 30.44 27.81 26.31 29.65 26.71 26.22 31.06 26.32 27.96 28.40 30.37 26.06 24.64 25.61 26.56 28.87 26.02 27.18 25.56 27.26 27.88 25.87 26.34 27.55 23.84 29.92 25.15 28.08 32.50 29.37 27.43 26.34 24.61 25.72 25.91 26.65 27.47 28.17 26.93 27.29 24.46 28.74 25.77 27.81 27.29 26.42 29.48 27.38 30.61 25.75 31.61 27.06 27.64 30.99 24.40 29.07 26.03 26.73 27.27 27.14 26.64
26.52 26.24 31.04 31.07 29.00 24.18 29.73 28.03 26.72 29.83 26.90 27.16 24.30 29.25 26.69 26.87 29.44 30.21 27.19 27.30 29.47 27.27 28.36 26.14 29.30 24.01 28.64 30.73 29.28 28.39 29.99 27.08 28.41 33.21 28.02 26.56 27.62 29.21 29.84 30.71 29.63 27.22 29.89 28.70 26.35 31.46 28.89 28.03 28.67 30.68 25.49 29.03 27.48 27.77 29.62 27.62 29.57 27.19 28.11 25.93 26.57 27.89 28.57 25.04 30.87 26.10 29.79 32.12 27.93 27.50 26.71 26.05 27.35 27.09 27.94 29.03 27.77 26.74 27.24 24.87 29.19 26.55 29.05 26.19 27.79 28.61 26.86 29.58 27.44 33.38 27.47 29.20 31.82 26.24 29.73 24.86 26.80 28.96 28.43 28.32
22.43 25.13 27.30 26.90 26.16 21.21 27.11 24.10 25.62 26.53 22.57 23.45 20.80 25.61 21.40 22.55 26.15 27.10 21.42 24.13 26.08 23.70 24.24 22.93 24.48 20.54 24.76 24.83 24.31 24.81 26.35 23.47 26.48 29.83 25.25 23.91 22.77 24.21 27.68 26.21 25.15 23.85 25.15 25.89 21.46 28.54 25.13 24.00 25.81 26.58 22.92 23.58 24.13 22.82 26.16 25.23 24.30 22.85 25.55 23.83 22.32 22.66 23.90 21.67 26.77 24.83 24.81 27.23 25.78 23.53 24.14 21.00 23.32 22.76 24.23 24.11 24.11 24.20 24.72 23.59 23.60 24.43 25.53 24.38 21.92 25.96 25.32 24.34 22.99 28.55 24.55 23.64 27.25 23.37 25.81 21.90 23.58 24.40 24.42 23.95
18.80 21.54 23.60 23.81 22.01 18.01 23.01 22.89 21.41 24.11 21.56 20.77 20.50 22.06 21.22 20.94 22.94 22.71 21.34 22.92 22.25 21.14 19.97 20.45 23.20 21.29 22.11 22.00 22.12 21.58 22.44 20.61 23.36 25.42 22.90 21.81 20.99 21.32 23.34 23.32 20.87 21.50 23.09 20.26 20.76 25.26 19.76 21.32 22.35 23.86 20.22 21.33 20.56 21.52 22.13 21.55 23.20 22.16 21.89 20.40 20.73 22.96 21.89 20.04 23.18 22.04 21.90 25.70 23.50 22.02 22.45 18.96 21.98 20.02 21.76 22.94 21.17 21.48 23.07 19.32 22.96 22.38 21.19 21.01 20.96 23.31 22.08 23.43 19.86 24.55 21.95 24.30 24.52 19.84 22.33 18.67 20.87 21.80 21.63 21.13
23.93 26.42 28.99 27.83 26.95 22.49 27.40 27.47 26.37 27.35 23.99 24.08 22.71 27.51 24.26 23.88 28.25 27.97 25.12 24.92 26.94 25.15 25.12 24.96 26.77 23.25 27.52 27.83 28.62 26.11 28.26 24.66 27.97 31.50 26.87 24.91 26.51 25.47 28.39 28.40 26.02 26.66 26.97 24.72 25.63 30.89 27.56 25.99 27.67 28.77 23.58 24.88 25.18 25.73 25.51 25.18 26.88 27.08 26.64 26.26 25.34 25.28 25.06 23.56 30.17 25.42 28.03 30.77 26.61 25.34 24.91 23.32 25.48 26.64 25.82 26.40 26.06 26.54 26.89 24.69 26.02 26.00 25.19 26.49 26.12 28.15 27.91 28.58 24.97 29.63 27.66 28.58 27.26 25.56 27.51 22.63 26.05 26.68 24.86 25.83
22.15 23.10 23.30 25.24 24.39 18.47 23.93 22.04 22.91 23.94 20.25 23.52 18.92 23.06 21.00 20.44 24.48 24.60 21.08 22.51 22.64 21.81 22.93 20.46 24.00 20.69 23.37 23.79 25.99 22.86 24.24 21.05 23.68 26.82 22.80 22.72 22.22 21.46 25.56 25.31 24.57 23.75 25.05 23.27 21.99 26.23 23.86 23.19 23.25 23.93 22.39 20.55 23.19 23.29 23.22 22.37 22.22 22.04 23.48 21.22 21.46 22.43 22.58 20.72 26.35 21.57 23.16 27.55 24.49 22.89 23.33 19.49 21.16 25.30 22.41 22.59 23.10 21.40 24.37 21.44 22.50 22.96 23.33 22.73 22.69 23.58 23.79 25.42 20.92 26.70 23.55 25.25 25.47 20.22 23.73 21.19 22.54 23.47 23.53 22.69
26.55 27.29 29.93 29.80 29.67 24.71 29.54 29.02 27.83 28.86 27.23 27.25 23.90 29.85 25.79 27.19 30.12 29.22 26.45 26.76 29.58 28.97 28.27 26.77 28.75 25.29 27.98 31.23 29.30 29.65 30.98 27.12 30.11 32.69 29.71 27.46 28.73 30.33 31.83 30.99 29.28 28.93 30.05 30.07 27.39 33.17 29.03 28.59 31.20 31.53 26.18 26.83 27.54 29.34 28.89 29.13 28.15 28.25 27.85 28.07 26.53 28.28 29.32 24.90 32.51 28.33 29.92 32.41 31.02 28.73 27.49 26.72 25.66 28.97 28.60 28.26 28.87 27.84 28.83 25.84 30.16 28.50 28.21 28.28 28.15 31.60 28.68 31.73 28.27 32.96 26.69 29.47 31.48 27.05 30.28 23.31 28.94 30.36 27.25 28.36
25.39 26.25 29.18 29.28 26.99 23.88 27.73 27.57 26.78 27.37 25.22 28.28 23.11 28.04 24.53 25.66 28.78 28.36 26.34 27.44 28.36 25.90 27.20 24.41 26.03 24.01 28.11 28.34 29.81 26.94 29.21 25.28 26.83 30.71 28.00 26.05 25.62 28.45 27.81 27.43 28.52 27.75 28.43 28.65 24.85 32.02 26.14 27.88 27.62 29.04 24.28 25.66 26.58 25.86 27.55 26.64 26.22 24.64 28.01 24.20 27.16 26.76 27.37 24.39 30.52 25.42 28.55 32.35 29.34 26.84 26.67 23.92 25.73 26.89 27.19 26.75 28.27 25.84 26.22 25.52 26.21 27.10 27.86 24.06 26.11 29.55 26.97 27.77 25.74 32.62 26.75 29.03 29.74 24.60 26.49 25.87 26.90 27.52 28.08 27.37
24.47 26.17 28.01 28.12 27.39 20.25 27.68 25.11 27.27 27.58 24.81 24.86 22.20 27.00 24.32 23.90 28.60 27.81 23.45 25.12 25.85 24.74 25.49 24.42 25.42 23.07 25.27 28.59 27.29 25.84 28.41 22.77 26.99 30.39 27.88 25.63 25.29 27.56 27.86 27.62 25.51 24.92 27.03 25.07 24.64 29.79 25.83 26.23 26.36 27.83 23.58 23.90 25.91 26.28 25.52 25.13 25.40 24.53 25.58 24.14 23.87 24.36 25.57 22.39 27.64 25.72 26.58 28.93 26.08 25.58 25.79 23.97 26.93 24.31 25.88 26.89 24.60 25.17 25.43 22.96 25.89 25.68 25.98 24.39 24.81 27.02 26.55 26.73 24.64 29.03 25.99 26.60 28.69 23.86 28.14 22.74 25.31 26.88 25.87 25.66
23.60 25.07 25.69 28.11 25.53 22.12 25.82 24.49 25.80 25.43 23.43 24.39 22.04 25.86 22.91 23.53 24.53 24.93 22.27 24.47 27.01 24.91 24.36 22.29 24.95 21.07 25.72 26.17 27.40 24.43 25.96 22.02 24.69 29.41 25.08 24.84 24.21 25.99 26.09 26.38 26.11 25.80 26.00 23.79 23.75 27.19 25.34 25.18 26.64 25.55 23.29 22.74 24.53 25.72 26.07 26.02 25.46 22.84 24.63 23.16 23.87 25.41 25.28 21.44 27.84 24.85 25.29 29.25 27.00 24.90 24.28 24.12 23.69 24.80 24.18 25.26 24.70 24.48 26.10 21.99 25.43 25.17 25.38 22.27 24.28 24.05 23.40 25.21 24.38 28.89 24.64 25.60 26.92 23.40 24.63 21.35 27.13 25.81 24.33 25.63
20.40 23.15 25.13 26.36 25.04 19.73 25.45 25.26 23.49 23.58 21.66 22.49 19.76 25.13 21.57 20.29 26.09 25.39 22.35 23.13 24.68 22.23 23.78 23.61 25.89 21.51 23.80 24.43 24.52 22.98 25.30 21.83 25.45 28.29 23.43 23.15 23.32 24.62 24.20 25.00 24.55 23.90 24.29 22.49 23.54 25.72 23.45 22.18 24.21 25.36 20.84 23.23 22.21 22.89 23.88 23.63 23.51 22.96 24.39 23.06 22.61 21.89 22.42 21.53 27.33 21.73 24.54 26.83 23.31 23.66 22.60 21.22 21.94 23.12 24.31 23.81 23.87 23.90 24.00 21.00 25.64 22.09 22.76 22.16 23.63 25.55 24.54 26.53 22.20 26.29 23.91 23.24 25.88 22.29 24.46 20.53 22.40 22.37 22.41 23.41
24.02 26.37 28.54 28.70 27.58 21.39 28.25 25.29 26.38 28.42 24.27 25.36 23.61 26.00 23.68 24.09 28.14 28.00 25.66 24.75 25.57 25.25 26.99 23.81 26.10 23.84 25.01 28.53 28.73 26.05 28.14 23.81 28.91 30.61 27.67 24.73 26.11 25.95 28.21 27.80 25.72 24.82 26.76 27.42 24.23 30.17 26.38 28.15 28.04 28.34 24.71 25.79 26.41 27.00 26.03 25.04 26.30 24.52 26.60 24.66 24.74 25.26 24.97 23.19 29.29 26.19 26.10 30.41 26.95 25.10 26.81 23.55 26.50 27.13 26.86 26.36 25.78 25.58 26.52 22.85 26.40 25.85 27.80 25.68 23.79 27.19 25.62 27.66 24.67 31.05 27.34 26.55 29.12 23.96 28.65 23.78 25.00 26.41 25.75 25.60
22.43 23.86 27.03 27.17 25.93 20.36 25.88 24.67 23.72 26.75 22.15 23.41 20.61 25.49 23.46 23.94 25.10 24.92 23.45 24.24 24.89 24.35 23.44 24.00 26.63 22.36 25.78 25.09 25.76 24.59 27.06 22.53 26.53 27.52 25.70 24.06 23.94 23.88 26.26 26.61 25.49 24.26 25.15 22.99 23.07 27.87 23.88 24.32 23.84 25.22 20.63 23.13 22.87 24.09 24.18 23.88 24.42 22.35 24.48 23.76 23.33 22.00 23.98 22.28 27.85 21.56 25.07 26.88 24.00 22.18 24.41 22.61 22.93 24.02 23.87 24.92 23.82 23.47 23.66 21.35 24.56 24.08 23.92 23.39 23.80 24.93 26.23 25.83 24.00 28.05 26.21 25.27 26.30 22.25 24.80 23.70 22.72 23.69 24.49 22.87
21.95 22.89 24.93 24.76 24.35 21.32 24.05 24.17 22.64 25.05 22.49 23.33 20.28 25.03 21.62 22.31 23.52 25.28 23.89 22.99 23.22 21.65 23.66 22.05 23.82 19.39 25.06 25.25 25.88 23.63 24.43 22.12 25.54 27.74 22.92 22.84 21.17 23.60 25.31 25.14 24.61 23.85 25.42 25.34 21.51 26.69 23.80 25.08 24.53 27.48 22.17 22.54 22.61 24.41 22.43 24.39 22.90 21.12 24.61 22.53 23.56 24.40 24.07 22.00 26.52 22.69 26.02 28.02 24.15 23.22 23.12 21.49 22.94 25.19 23.17 23.32 23.71 21.68 24.29 20.96 24.95 25.16 23.60 24.43 22.17 24.38 23.00 24.96 21.78 27.55 23.35 24.21 27.19 21.66 22.45 19.68 24.00 25.12 24.75 22.99
21.71 24.56 26.73 24.98 24.52 19.10 26.37 25.15 23.06 25.43 21.60 22.45 20.08 26.12 23.47 24.24 25.28 26.61 21.95 22.73 25.58 23.28 22.96 21.75 24.41 20.75 24.90 25.97 25.60 25.55 24.30 22.08 26.25 29.92 24.61 22.80 23.76 24.07 27.26 26.34 24.65 25.33 26.84 24.78 22.51 27.25 25.15 23.90 25.10 27.25 20.66 22.42 23.23 24.00 24.79 23.70 26.39 23.12 24.06 25.14 21.61 23.82 24.48 22.41 27.59 23.86 26.11 25.88 26.48 23.98 22.45 20.74 22.11 22.59 24.54 24.50 23.43 23.08 25.23 22.38 24.72 24.71 23.74 24.96 22.58 25.74 24.95 26.38 24.71 26.80 23.39 22.93 27.12 22.89 26.55 21.48 24.81 24.27 24.56 24.16
22.29 23.61 25.89 24.71 24.60 20.41 23.85 24.90 22.09 23.94 22.16 23.32 20.20 23.26 21.16 23.29 24.73 24.69 22.35 24.50 24.59 22.51 22.91 21.20 23.20 20.79 24.06 24.73 25.46 24.51 24.55 22.13 23.44 27.21 24.35 21.77 23.33 24.25 25.70 25.80 25.63 23.18 24.97 25.38 22.66 27.85 22.72 23.83 24.53 25.18 23.37 24.23 24.87 23.25 24.39 24.04 24.80 23.98 23.37 22.22 21.99 24.29 24.06 22.11 26.23 22.80 24.42 26.91 25.13 24.50 22.30 20.16 23.17 24.01 24.26 23.47 23.14 22.01 22.89 22.01 23.77 23.53 24.41 23.57 22.88 26.56 24.24 26.31 22.54 27.77 24.99 25.03 24.57 21.27 25.04 19.70 22.41 23.66 21.49 23.48
21.17 23.08 26.56 24.17 23.84 19.37 24.08 24.61 23.76 23.70 20.85 21.07 20.05 24.06 23.24 22.39 25.08 24.09 22.77 23.07 24.66 21.56 22.51 20.83 23.68 21.42 24.36 25.28 24.95 21.51 24.47 22.25 24.88 25.77 23.26 23.08 22.83 24.86 25.89 25.80 24.35 23.72 25.10 24.98 20.75 28.04 23.46 23.01 23.92 25.91 22.18 23.79 22.68 22.35 22.41 22.20 24.15 22.66 24.20 22.53 23.22 22.88 23.41 19.88 25.99 23.51 23.91 27.11 24.36 23.33 22.54 21.20 20.22 23.27 23.32 22.19 23.08 22.27 23.84 20.63 23.98 24.09 24.41 23.10 22.70 25.84 23.34 25.09 22.54 26.41 22.76 23.21 26.42 22.18 23.51 20.59 23.31 22.99 22.98 22.39
22.76 24.36 27.43 26.60 26.62 21.11 28.45 23.44 25.18 26.38 23.06 24.43 20.44 24.94 24.13 23.94 28.10 27.02 24.61 26.37 25.48 23.88 25.60 23.69 24.61 21.58 25.26 27.38 26.69 24.78 26.99 23.29 25.89 27.79 25.16 24.86 23.61 24.27 26.74 25.17 24.94 25.20 25.49 26.61 23.55 28.95 24.24 27.09 25.53 25.25 22.01 23.35 23.43 23.10 26.33 25.32 24.81 23.45 26.05 22.63 22.59 23.75 26.22 21.36 27.76 25.41 24.67 27.88 25.66 25.89 26.58 22.15 24.97 24.04 24.88 25.30 25.94 25.31 25.17 22.54 26.46 25.32 24.77 23.86 24.33 25.79 25.16 25.86 23.68 29.85 25.75 26.99 27.63 23.31 26.33 21.75 24.29 24.44 24.85 24.54
21.68 23.66 26.49 25.74 25.23 22.03 23.91 24.57 24.67 25.98 23.67 23.93 19.78 26.25 22.53 23.27 25.43 25.78 20.93 25.70 26.67 24.34 23.61 22.28 24.72 21.11 24.57 25.97 24.36 25.61 26.42 23.12 25.08 28.06 24.70 23.03 22.83 26.33 25.16 25.76 25.77 24.55 25.81 24.45 22.28 27.95 23.32 24.27 26.26 26.18 22.70 23.15 25.76 24.03 23.61 25.42 24.12 23.70 23.60 21.49 24.48 24.19 23.90 20.82 26.37 25.93 25.22 28.70 25.92 24.64 23.64 22.93 23.38 24.00 24.17 24.20 24.26 23.00 25.12 22.37 24.00 24.38 24.36 23.12 23.84 25.34 23.86 25.09 23.16 27.39 23.80 25.67 26.66 23.42 25.73 21.90 25.44 25.52 24.92 23.69
20.57 21.96 25.38 24.79 23.88 19.03 24.24 22.35 22.08 25.03 22.31 22.67 18.32 26.52 20.92 22.11 24.94 23.74 21.41 22.54 23.00 20.58 22.52 20.71 21.18 21.03 22.63 24.76 24.38 24.24 24.92 22.03 24.27 27.73 23.69 21.09 23.07 23.03 22.98 26.55 22.80 23.39 24.58 24.34 18.99 27.06 22.39 24.48 23.84 25.76 20.24 20.28 21.25 20.85 23.52 22.69 24.08 21.99 22.03 21.66 20.79 21.28 23.47 20.44 26.04 23.16 22.95 26.33 23.21 23.07 22.08 20.43 21.26 21.44 22.14 23.73 22.01 22.70 23.04 21.61 22.30 22.40 23.90 22.78 22.48 24.96 23.57 23.25 22.48 27.72 22.68 23.23 25.40 21.83 24.40 20.30 21.65 23.84 22.46 22.48
23.42 25.83 26.36 27.08 24.78 20.51 24.25 24.94 22.81 26.19 22.88 24.57 21.09 25.52 22.42 24.52 25.07 24.34 21.71 22.96 26.25 22.71 24.99 22.95 24.60 20.16 24.91 25.98 26.37 27.15 25.83 23.27 24.32 28.95 24.53 24.59 23.06 25.29 27.05 27.38 24.56 25.58 26.03 26.15 21.77 28.56 26.13 24.63 24.79 28.20 21.82 21.43 24.84 23.07 24.05 24.23 24.04 23.33 25.61 22.90 24.05 26.03 25.19 22.00 26.69 22.65 26.11 28.82 26.13 24.82 21.76 22.58 23.17 24.30 23.34 23.44 23.91 23.39 24.37 22.27 25.61 25.00 24.45 23.69 22.55 25.14 23.88 26.20 24.30 30.02 23.43 24.54 28.10 22.16 25.41 21.85 24.87 25.19 25.21 24.94
20.91 23.21 24.50 25.17 24.33 21.13 22.62 22.43 22.70 24.56 20.71 22.59 19.19 23.48 21.57 22.12 23.84 25.33 21.43 23.97 24.34 22.36 22.55 21.55 21.57 19.03 22.01 25.21 23.37 23.84 24.01 19.94 23.87 26.52 23.63 21.60 22.55 22.34 24.97 24.68 23.26 21.44 24.00 23.70 20.64 26.87 23.96 24.18 25.44 24.53 21.15 21.88 23.26 23.08 22.72 21.81 23.53 20.93 22.91 21.96 21.65 22.75 23.30 20.19 24.29 23.62 23.62 26.01 23.17 23.24 22.90 20.64 22.87 23.70 22.23 22.25 22.58 23.96 22.74 21.37 23.43 22.55 22.63 22.33 21.62 22.69 23.86 23.85 21.18 26.72 22.71 24.79 25.22 20.79 22.52 19.43 22.79 24.47 23.88 21.56
21.43 22.83 26.04 26.83 24.38 19.76 26.01 22.77 25.08 25.22 20.82 24.36 20.21 25.36 22.83 23.27 25.94 25.51 23.19 23.26 24.16 21.22 24.69 22.79 25.02 21.49 25.28 25.48 25.78 23.56 25.29 22.43 24.59 28.29 24.06 22.37 22.87 22.80 26.50 24.73 25.59 25.77 23.96 25.33 21.71 28.05 23.75 24.97 24.35 25.76 21.57 22.03 22.54 23.91 23.68 23.55 23.93 26.05 24.75 21.75 22.39 23.03 23.51 21.98 26.99 23.00 24.54 28.22 24.06 24.53 25.59 19.80 23.26 25.45 22.82 23.32 23.20 24.52 26.27 22.45 24.36 24.59 23.89 23.03 22.39 25.32 23.67 24.93 23.35 27.76 24.19 24.76 25.76 22.73 24.57 21.56 25.32 26.15 23.60 23.56
22.56 24.99 26.77 28.49 25.93 19.98 26.49 24.08 26.06 25.43 24.10 24.35 20.68 24.76 22.92 23.12 27.88 26.74 23.51 23.10 26.59 23.88 25.91 22.77 26.47 22.79 25.75 28.45 27.64 25.60 25.76 23.54 26.60 30.06 27.15 22.90 25.69 25.23 26.91 26.98 24.46 24.97 25.84 25.18 24.51 28.04 24.78 25.59 26.35 28.60 22.26 22.01 24.63 26.03 23.92 23.81 25.81 25.24 26.32 24.79 23.96 24.78 24.35 21.20 27.11 24.48 26.45 29.89 26.23 25.88 25.28 22.70 23.55 25.76 24.75 25.09 25.22 23.31 25.47 23.18 24.84 25.70 24.77 24.71 24.26 26.56 25.85 26.64 24.48 28.34 24.42 25.46 27.66 24.34 27.02 20.98 25.96 23.87 24.60 25.84
18.09 20.15 21.18 22.67 22.29 15.98 22.58 20.58 20.85 21.87 19.34 18.23 17.18 22.46 18.23 19.62 22.67 21.24 18.47 21.48 21.75 20.09 21.72 20.57 22.12 18.37 21.73 22.85 22.40 21.28 22.19 18.75 22.60 24.46 21.87 19.97 20.67 22.17 22.72 22.03 20.96 20.31 21.45 19.88 18.89 23.57 20.11 20.62 22.65 22.76 19.63 19.11 21.72 20.74 20.21 21.06 22.87 19.16 22.48 19.11 20.08 20.46 20.32 17.72 22.21 18.62 22.27 24.73 22.43 21.05 19.72 19.12 19.25 19.40 20.28 21.43 19.75 20.82 20.95 17.71 21.42 22.12 21.55 18.99 19.82 21.48 21.22 22.81 21.18 25.36 21.36 19.81 22.74 18.86 23.54 17.61 20.23 20.89 20.15 20.57
23.70 25.82 29.12 28.63 28.27 21.87 28.45 27.44 27.16 28.15 22.95 25.39 22.79 28.06 24.65 25.05 29.50 27.69 25.66 26.02 28.21 24.69 27.22 25.76 28.68 24.12 27.57 29.39 29.11 24.95 28.14 24.19 28.21 31.07 26.53 25.57 27.19 27.92 29.88 28.40 26.64 26.92 26.27 26.15 25.48 30.42 26.58 25.81 26.83 29.62 24.74 26.62 24.30 25.74 27.04 24.72 27.89 25.00 27.02 25.75 24.64 25.32 26.03 23.23 28.39 25.28 26.99 31.32 26.45 28.07 26.94 24.48 25.41 25.10 26.18 25.99 26.16 25.15 26.69 23.48 29.20 25.38 27.33 26.79 26.91 27.33 26.35 27.87 26.70 31.77 25.73 26.01 29.07 24.68 29.24 23.34 26.48 26.85 26.31 26.48
24.34 24.73 27.01 28.22 25.29 22.11 26.81 24.91 25.71 26.47 25.26 24.89 21.52 24.68 23.70 22.37 29.25 26.46 24.30 23.86 25.43 24.05 23.74 23.75 25.91 24.11 26.69 27.09 27.37 25.27 26.96 24.44 26.33 28.90 25.82 25.42 25.32 25.49 26.28 27.10 25.04 25.37 26.58 23.49 24.29 29.33 23.32 25.88 26.22 24.71 24.12 22.87 23.56 24.18 24.83 23.49 25.97 25.85 25.69 24.54 23.50 24.44 24.61 21.63 27.52 24.85 25.14 28.57 25.49 25.57 23.44 23.14 24.57 24.74 23.34 27.02 24.23 24.86 25.29 23.42 24.53 24.47 25.77 23.50 25.67 27.59 25.70 27.88 23.06 27.95 25.47 27.52 27.73 23.99 26.52 22.76 24.18 25.21 23.26 25.08
20.52 23.22 25.77 25.04 24.77 21.16 23.82 23.22 21.58 24.05 22.02 22.57 19.71 24.59 21.94 22.33 23.65 23.58 21.74 22.05 23.94 22.00 22.22 20.86 23.51 19.73 23.48 22.86 25.60 23.00 24.04 22.25 24.59 27.37 23.46 22.19 22.84 23.00 25.27 24.11 25.19 21.70 25.37 22.78 20.51 25.81 22.81 22.41 24.80 24.11 21.75 22.28 23.39 23.19 23.74 23.21 23.35 21.80 22.65 21.87 21.40 20.24 22.94 21.26 23.78 22.28 25.72 25.18 23.51 21.75 22.35 20.27 20.08 23.31 22.87 24.65 22.20 22.63 23.79 19.81 23.45 22.42 23.40 21.87 22.42 25.03 21.86 24.87 22.01 26.38 23.64 23.95 26.17 20.69 25.13 20.30 22.89 23.59 22.48 23.80
25.03 26.38 29.88 29.90 27.64 21.87 27.06 27.47 26.72 26.53 24.68 25.56 23.05 27.93 24.46 25.78 27.81 27.90 25.90 25.56 27.93 23.03 24.31 25.95 27.21 23.51 26.34 28.06 28.60 27.87 27.99 24.16 26.64 30.46 26.60 24.72 25.43 27.32 28.13 29.43 27.84 28.06 28.40 27.57 24.54 30.89 26.61 27.55 27.29 29.54 23.70 24.46 25.63 26.06 26.76 26.12 26.94 25.44 27.54 24.06 25.79 25.62 26.41 24.45 29.81 24.98 27.96 29.35 25.63 26.80 24.21 23.94 25.95 27.38 28.00 27.41 26.47 25.28 27.64 23.67 27.48 26.24 27.78 24.27 24.64 26.11 26.13 29.40 24.87 30.89 25.60 28.36 29.86 24.93 26.76 23.69 24.53 28.14 26.56 27.43
24.31 26.25 27.12 28.67 25.19 21.56 27.90 25.28 25.03 26.74 23.99 24.99 22.03 26.24 23.44 24.12 27.33 26.67 24.79 23.79 27.44 24.41 25.12 24.95 26.60 23.87 25.48 27.88 26.99 26.42 27.16 23.63 24.97 31.48 27.76 25.39 24.69 25.15 26.37 27.19 25.44 26.09 25.97 26.26 23.31 29.31 24.30 26.83 26.67 27.80 23.03 23.83 25.09 24.37 26.32 23.44 27.25 24.39 27.08 24.96 23.89 25.04 25.65 23.00 28.14 24.63 27.04 29.73 27.48 23.70 23.51 22.04 25.68 24.17 25.69 28.01 24.64 26.18 26.00 23.46 25.48 26.42 26.27 24.80 23.59 26.20 25.28 26.12 23.27 30.09 24.04 27.45 28.01 24.37 27.11 22.70 25.24 26.86 26.11 23.50
21.28 22.62 23.26 23.52 23.39 19.88 22.84 21.11 22.56 22.66 22.09 22.46 19.18 23.17 21.47 21.62 24.42 24.86 21.75 21.23 24.03 21.33 22.76 21.97 23.04 20.26 21.25 26.31 24.87 24.06 24.72 19.55 24.02 26.02 23.88 22.16 23.75 24.85 23.46 25.28 23.98 22.39 23.55 22.81 20.93 25.31 21.40 24.31 23.50 24.43 22.49 21.50 22.12 22.98 23.04 20.90 23.23 22.04 22.98 21.43 21.34 23.26 22.40 19.77 24.82 21.69 24.07 26.56 23.85 22.31 22.12 20.20 20.90 23.30 21.77 23.35 23.88 23.54 21.46 21.26 23.73 22.48 22.17 23.49 21.79 24.17 23.83 26.13 21.42 25.47 22.57 23.08 24.83 20.41 24.32 20.18 22.87 23.48 22.54 21.90
24.96 24.32 28.52 27.66 26.79 22.11 27.26 26.38 26.11 27.38 22.97 25.19 22.19 27.32 24.26 24.72 27.11 27.19 24.12 25.64 27.05 25.32 24.94 25.42 26.86 23.14 27.18 28.74 27.41 25.16 27.16 22.72 24.99 30.44 26.15 24.99 24.23 27.42 28.02 28.13 27.95 26.01 27.24 24.73 24.44 29.79 25.32 25.38 26.00 26.46 24.25 24.70 25.01 24.51 26.11 23.43 27.50 24.99 26.00 25.04 24.10 24.10 26.30 23.53 28.36 24.52 26.80 29.80 27.67 26.20 25.65 22.66 24.84 26.18 25.24 25.83 24.43 25.06 27.35 23.64 26.11 25.66 27.17 24.42 24.50 28.13 25.46 26.25 24.14 30.67 24.23 26.38 28.54 22.60 26.77 23.55 24.43 26.74 25.39 25.81
24.65 27.93 31.42 29.08 28.38 23.65 28.04 28.02 27.48 29.08 26.18 25.95 24.46 29.57 26.65 26.55 29.84 29.13 24.97 28.13 28.74 26.72 25.58 24.72 29.67 24.06 27.58 29.32 28.64 27.77 29.79 24.75 30.08 31.51 28.47 28.01 27.73 28.03 30.63 28.75 28.34 29.50 28.62 28.27 24.55 32.61 26.44 27.74 29.42 28.75 26.21 26.98 27.47 26.63 26.49 27.75 27.40 26.88 27.91 24.04 26.64 26.12 28.83 23.57 28.85 26.87 28.52 31.21 28.26 28.02 25.58 24.40 27.68 25.64 27.06 28.80 25.01 27.12 29.43 24.65 27.86 27.29 26.44 27.18 27.15 27.81 26.87 29.59 25.84 31.34 27.16 27.54 30.27 25.59 29.20 24.91 27.51 30.10 26.06 26.25
23.46 25.05 26.38 26.79 25.41 21.54 26.64 25.56 25.87 27.07 23.86 25.18 22.60 27.93 24.49 23.96 26.46 27.02 25.28 26.25 25.38 25.51 25.92 24.81 24.53 23.09 25.05 28.61 25.10 25.06 27.50 23.79 26.20 29.58 26.20 24.00 25.95 25.19 27.17 28.15 25.59 25.25 25.00 26.73 23.95 30.08 25.25 27.03 26.00 28.37 23.62 23.79 23.30 24.25 25.44 23.54 24.85 25.32 24.92 21.86 24.14 24.31 25.97 21.88 26.68 24.17 26.07 29.52 26.63 25.62 26.42 22.13 25.50 25.42 24.39 25.57 25.35 25.32 26.33 22.10 26.93 26.23 25.12 25.55 25.35 26.59 26.75 26.45 24.77 28.98 25.55 25.90 28.63 22.19 25.12 22.08 24.82 25.64 26.08 23.33
26.48 27.86 30.13 31.46 29.45 23.66 29.11 28.38 29.40 28.38 27.88 28.24 24.03 29.86 25.58 26.91 30.12 29.00 26.92 28.85 30.62 28.35 26.60 25.90 28.02 25.98 27.94 31.64 29.04 29.09 29.12 26.19 29.26 33.45 29.36 27.47 29.35 29.23 29.59 30.03 28.64 29.05 29.92 28.91 28.29 33.49 28.72 28.95 30.47 29.80 26.57 24.63 27.17 28.99 30.29 27.39 28.85 28.93 28.23 27.85 25.79 26.91 29.00 24.16 30.04 27.29 29.81 32.49 30.37 29.35 27.60 26.78 27.80 28.15 28.05 27.95 30.01 27.65 29.56 25.48 29.08 27.47 27.12 27.56 28.82 30.21 28.64 30.50 27.18 31.81 28.26 30.84 30.53 26.06 30.59 24.57 29.06 29.79 28.67 27.82
21.51 23.22 25.95 25.21 24.30 19.36 24.54 23.44 23.37 25.32 23.60 22.23 20.35 24.76 22.18 23.13 25.16 24.28 21.72 23.22 24.39 21.70 23.21 20.97 23.66 20.48 23.67 26.19 24.36 24.38 24.45 21.13 25.74 25.55 24.77 23.46 22.42 24.50 25.31 25.30 23.67 23.25 26.14 24.59 21.26 26.83 22.83 23.10 24.43 25.13 21.04 23.20 23.37 23.45 23.95 23.57 23.97 22.70 24.31 20.98 20.79 23.22 23.40 19.86 24.95 22.23 24.55 25.85 23.51 23.58 22.09 22.65 21.78 22.84 23.54 23.57 23.02 22.77 23.87 20.19 22.50 22.61 21.74 22.52 21.08 25.26 24.51 25.18 22.40 27.30 23.42 23.39 25.31 21.16 25.94 18.05 22.68 25.24 22.68 22.79
21.20 23.50 26.17 27.28 25.56 22.06 26.08 23.66 25.63 25.57 23.84 24.43 20.29 26.96 24.24 23.65 26.81 27.95 22.91 25.48 26.98 22.97 25.71 23.35 25.73 21.61 24.37 28.17 27.43 25.40 27.72 22.35 27.29 28.68 26.18 24.07 25.49 25.96 28.24 28.58 25.36 25.02 27.08 25.93 21.81 27.37 23.81 27.26 27.27 26.81 23.49 23.57 23.32 24.40 25.65 25.64 25.04 24.30 25.02 24.54 23.43 24.75 24.73 21.89 27.45 24.91 25.00 28.96 26.44 25.32 24.83 21.70 23.79 24.66 24.63 25.42 24.52 25.37 24.22 23.73 26.34 24.67 26.50 25.93 24.47 25.57 25.70 27.29 24.33 29.17 23.39 23.56 28.12 23.19 25.85 22.36 26.41 26.47 24.07 24.02
19.31 22.40 22.40 23.51 21.57 18.43 23.02 20.92 21.73 23.21 20.42 21.79 18.50 22.45 19.64 21.26 22.63 22.02 19.44 21.57 21.33 21.22 20.64 19.92 20.39 19.91 20.63 23.12 22.66 22.62 21.68 19.79 22.14 24.51 22.49 21.21 20.56 21.91 22.51 22.33 22.00 22.49 21.95 22.18 18.31 25.62 20.23 21.39 22.85 21.24 20.55 19.56 22.22 20.88 22.73 20.36 23.74 20.80 21.87 20.57 19.78 19.84 21.20 19.02 23.50 21.40 22.02 22.97 23.67 22.22 20.81 19.35 20.96 21.48 21.51 21.85 21.01 22.30 23.47 18.94 21.47 21.35 22.64 19.44 19.76 24.05 20.40 22.99 19.14 25.60 21.79 22.15 23.58 19.37 23.88 19.45 20.13 22.17 21.53 20.73
24.48 26.60 25.59 27.12 25.29 21.69 25.73 22.64 24.08 26.45 24.44 23.80 21.32 25.04 24.72 23.53 26.18 25.07 22.39 23.75 24.43 22.59 23.49 22.63 24.80 22.44 23.92 26.41 25.50 26.36 26.34 24.22 25.30 27.56 25.61 23.80 23.59 24.14 27.44 27.68 25.73 24.30 26.44 24.73 21.99 28.02 24.91 26.08 24.54 27.12 22.35 23.10 24.20 24.75 25.59 23.99 24.97 24.14 25.18 24.06 24.46 23.93 23.23 22.31 26.92 24.91 26.62 28.83 25.00 23.10 22.37 20.72 24.56 24.20 23.28 26.28 24.07 24.89 25.91 22.31 24.80 25.75 25.64 24.48 24.43 25.55 26.45 28.64 22.20 29.04 24.02 27.21 28.33 24.03 25.39 20.28 25.46 25.81 24.67 25.16
21.63 24.82 27.23 28.23 26.56 21.76 25.72 25.39 24.53 27.39 24.77 24.17 21.12 27.24 24.64 24.77 26.46 26.88 22.58 25.77 25.32 23.42 24.93 23.36 24.93 23.74 25.51 26.88 27.18 26.18 27.45 24.44 27.49 28.67 26.48 23.42 25.22 25.52 27.48 26.37 26.23 25.48 26.58 26.06 21.78 28.35 24.22 25.27 27.23 27.70 26.27 24.86 23.26 25.08 23.86 25.02 24.53 24.68 25.10 24.12 24.49 26.19 24.10 22.77 27.98 25.18 24.86 28.51 26.68 25.69 24.94 22.22 24.89 25.29 25.58 24.00 24.63 24.32 24.77 24.63 26.61 26.43 26.30 24.26 25.16 25.68 25.65 27.39 23.82 28.84 24.91 24.10 28.29 22.70 25.28 24.07 25.00 25.76 27.04 24.22
24.17 26.19 28.41 28.25 28.30 22.00 29.42 26.32 27.57 27.28 23.73 26.02 21.40 28.59 25.55 24.61 29.63 27.98 25.37 26.31 27.78 25.49 26.06 25.74 24.40 22.21 26.71 30.47 28.24 25.54 27.97 23.31 27.87 30.97 26.83 25.97 26.01 26.12 29.30 28.24 26.70 28.17 26.64 27.14 24.52 30.83 27.03 27.30 28.07 29.28 24.43 23.60 24.58 25.89 27.21 26.11 26.03 24.70 27.44 24.95 25.32 25.12 27.61 22.64 28.70 27.49 27.34 29.27 26.80 26.99 26.37 23.28 26.32 26.52 26.11 26.91 27.59 26.10 26.22 23.82 27.01 26.13 26.90 26.48 26.64 26.51 26.42 27.21 24.97 31.07 25.82 28.21 29.19 23.46 26.72 23.11 25.34 27.69 26.68 25.51
20.52 23.05 26.27 24.44 23.41 19.92 25.07 22.64 23.91 23.81 21.25 21.88 18.91 23.78 20.57 20.69 26.06 25.57 20.13 23.06 23.27 22.62 23.27 21.06 21.75 20.35 22.43 25.29 24.48 22.11 24.64 19.53 24.31 27.52 23.60 23.47 22.95 24.05 24.92 25.16 24.15 23.05 24.77 23.29 22.90 25.64 23.34 23.63 23.93 25.22 21.97 21.53 22.68 23.15 23.45 22.76 22.79 21.75 23.02 21.93 20.88 21.48 23.15 18.05 25.94 24.58 22.41 26.10 23.18 23.59 21.61 20.75 21.45 21.43 21.37 22.09 23.06 22.90 22.09 22.08 22.80 21.94 23.30 22.10 22.38 24.74 23.29 24.63 23.44 26.66 23.20 22.43 24.13 21.64 24.03 20.09 23.05 22.45 21.19 23.22
21.69 22.58 26.47 25.12 24.31 21.09 26.72 25.37 25.62 24.34 21.63 21.36 21.71 24.87 23.52 21.82 27.79 26.24 23.45 25.04 26.76 24.02 24.60 22.87 26.04 21.78 25.33 26.48 26.28 23.14 25.73 23.29 25.39 27.27 25.55 24.23 25.01 24.76 27.44 26.46 23.86 24.98 24.66 25.40 23.56 28.37 23.25 25.01 26.54 25.15 23.04 23.50 24.72 24.13 25.60 23.12 25.46 25.13 25.06 23.73 24.39 23.50 24.36 21.02 25.05 24.03 25.49 27.80 25.40 25.97 25.01 20.78 25.38 23.70 24.74 24.28 25.07 24.81 25.37 21.70 27.06 24.14 25.43 24.40 24.03 26.73 25.53 27.48 22.51 27.64 24.14 24.60 27.82 22.85 25.77 21.40 23.71 24.35 22.49 24.60
22.79 23.31 27.52 27.73 25.75 19.54 24.93 25.01 26.78 25.55 23.73 24.49 21.93 25.31 22.03 22.27 27.52 26.61 23.06 25.60 25.86 23.47 25.37 22.92 24.30 23.21 25.43 27.56 25.21 24.83 25.58 22.58 26.59 27.28 25.70 24.29 23.78 26.41 25.35 25.06 24.71 26.22 26.93 24.89 23.01 28.10 24.06 25.22 24.45 27.87 21.92 23.12 24.05 24.18 23.99 23.53 25.34 24.32 25.27 22.91 25.10 24.82 24.63 21.27 26.82 23.09 26.71 28.91 25.76 25.52 22.87 22.82 24.87 23.76 23.96 25.84 24.90 22.43 25.27 23.29 23.61 25.50 23.88 23.97 23.97 27.86 25.55 27.11 21.97 28.84 25.04 25.07 26.57 22.76 26.53 22.10 22.89 25.55 24.93 24.20
23.52 24.72 27.79 26.94 28.44 21.30 27.17 24.89 25.50 27.83 23.78 25.23 20.91 25.93 23.72 24.81 28.43 27.98 25.45 25.61 25.70 23.33 28.02 25.23 26.13 24.43 25.63 28.71 27.50 25.70 26.42 23.98 27.40 30.05 26.16 23.79 26.02 27.13 27.60 27.86 27.67 25.50 26.20 26.72 23.66 30.09 25.57 27.44 26.60 28.02 25.01 26.36 24.84 26.03 27.11 25.98 25.50 24.39 27.68 24.04 25.28 26.78 25.01 23.68 30.22 25.41 25.07 30.32 25.78 26.92 26.99 22.61 25.02 26.54 26.26 24.82 27.15 24.95 26.00 23.19 27.04 25.38 28.81 25.02 24.46 27.92 25.90 28.83 23.96 30.87 26.89 26.15 29.59 23.48 26.54 22.77 25.12 25.77 26.87 25.75
21.07 21.05 24.25 24.30 23.38 19.07 23.32 21.62 21.72 23.24 20.24 22.14 17.64 22.52 20.58 21.95 23.16 23.48 21.14 22.59 22.30 21.89 23.15 20.82 23.22 20.55 22.91 23.00 23.49 24.17 23.55 20.04 23.78 24.47 21.76 20.89 21.74 21.91 23.71 23.23 22.81 22.52 23.72 23.88 19.79 26.08 21.37 23.77 23.63 24.50 20.97 20.89 20.93 22.34 21.76 21.99 20.31 21.30 23.22 18.88 22.04 21.82 22.04 20.36 25.33 20.62 21.97 25.03 21.87 22.70 21.81 19.85 21.49 23.51 21.45 21.50 22.95 22.89 21.64 20.73 21.27 20.93 22.63 21.88 21.50 22.95 23.81 24.14 21.27 26.87 22.93 22.46 24.20 20.88 22.26 20.62 21.42 23.33 22.50 21.20
22.69 25.43 28.17 28.48 26.68 21.20 25.01 25.30 24.70 26.07 23.28 24.60 21.79 26.24 23.09 23.50 27.12 25.79 23.93 24.56 27.34 22.60 26.07 23.17 25.81 23.19 25.47 25.22 27.45 25.71 27.12 23.35 27.64 29.57 24.86 24.41 24.31 27.29 27.31 27.54 25.84 25.56 26.48 25.15 23.11 28.32 24.52 25.07 25.95 29.16 22.02 23.55 24.90 24.59 25.18 23.84 25.63 22.56 26.02 24.77 25.74 23.34 25.36 22.10 27.47 23.50 26.98 29.51 26.03 24.77 22.37 21.56 22.57 24.02 25.58 26.25 25.83 24.51 26.85 24.15 26.27 26.75 26.68 24.64 23.66 25.57 24.68 27.54 23.41 31.43 24.42 25.66 28.27 23.16 26.68 22.06 25.02 25.83 24.52 25.59
21.13 24.32 26.06 24.57 23.52 19.31 24.35 23.97 23.65 23.44 20.91 22.25 19.53 23.54 21.26 22.35 25.52 25.16 22.38 22.43 24.04 23.02 23.14 21.71 23.02 21.20 23.97 24.65 25.58 23.17 25.54 21.04 25.02 26.23 24.46 22.67 22.91 23.81 25.85 25.89 23.15 23.86 26.22 24.29 22.49 26.24 22.85 24.94 24.23 26.00 21.57 21.93 24.46 21.79 22.83 23.23 24.13 22.34 23.62 22.63 22.73 22.20 23.02 19.13 26.21 23.27 24.46 26.07 23.68 23.46 21.13 21.51 21.37 22.31 23.40 23.89 23.05 22.08 22.84 22.45 22.66 24.19 24.12 22.68 22.26 25.37 23.69 25.47 22.00 27.22 23.08 23.80 26.41 21.86 26.04 20.85 23.21 22.40 23.68 23.59
24.14 24.11 28.15 26.93 26.19 21.64 27.21 25.46 25.57 26.69 24.70 24.84 23.34 27.06 23.26 24.46 26.77 26.95 26.21 25.94 26.10 24.86 26.31 24.34 27.14 21.75 24.77 28.42 27.66 25.68 26.47 24.13 27.75 31.08 27.47 25.60 25.63 26.17 27.52 27.42 26.26 24.88 26.34 27.01 25.02 30.44 26.20 25.65 26.50 29.62 23.18 24.57 25.42 25.73 27.02 24.20 26.13 24.08 27.08 25.58 24.67 24.07 28.17 22.15 27.58 24.53 27.42 30.58 27.62 24.32 25.11 22.53 24.60 26.56 26.23 24.47 25.51 24.88 27.58 22.09 25.56 26.92 25.10 25.60 24.92 28.24 26.72 26.21 25.51 31.04 26.05 26.66 27.93 23.59 27.19 22.70 24.73 27.54 26.35 24.55
